2.03 3.45
4.95 7.79
8.38 10.04
10.54 14.25
14.42 15.51
16.09 19.01
19.18 22.35
22.51 23.85
24.1 25.64
26.35 28.1
28.27 32.44
32.61 33.69
34.27 35.36
35.65 37.61
37.78 40.24
40.45 42.95
43.87 45.45
47.2 52.38
53.79 55.46
55.63 56.8
57.38 59.8
60.3 62.97
63.55 65.22
66.72 68.23
68.39 70.9
71.06 74.32
74.48 78.74
80.16 83.83
84.33 86.16
86.33 90.5
90.67 92.88
93.04 95.67
99.59 102.51
102.68 105.85
106.01 108.77
109.81 114.11
115.69 117.9
120.78 121.95
124.45 127.03
140.34 142.01
142.26 144.51
150.39 152.98
153.14 156.73
158.4 164.41
164.74 169.12
169.28 171.87
172.54 176.92
177.09 180.84
181 186.05
188.35 191.6
191.77 194.94
195.1 197.94
198.77 202.44