6.59 8.34
8.5 10.92
13.09 16.1
16.26 19.77
19.93 22.31
22.48 24.69
24.86 27.61
27.77 30.23
30.4 33.03
33.2 35.82
35.99 39.45
39.62 43.04
43.21 44.58
44.75 46.84
47 48.8
48.96 50.59
52.01 53.51
53.67 55.72
56.72 59.18
61.72 64.48
65.06 66.31
66.48 68.69
68.86 71.07
71.36 74.7
86.71 89
89.17 90.67
90.84 93.3
93.46 96.18
100.76 102.68
102.85 104.73
104.89 106.1
110.27 112.4
112.57 116.74
124.66 125.79
125.96 127.79
128.71 129.71
146.06 147.48
147.64 149.65
149.81 152.02
152.19 153.52
154.32 156.11
156.82 158.24
159.45 160.62
175.55 179.22
180.22 182.05
182.22 183.72
183.89 185.22
186.89 191.48
192.9 195.4
199.57 201.91
202.57 205.74