2.83 5.42
8.59 10.63
10.8 11.84
12.01 14.51
18.26 19.85
20.02 23.6
23.77 27.52
30.19 32.61
32.78 35.66
46.46 48.29
60.76 63.73
63.89 65.94
66.1 67.81
67.98 69.02
73.07 76.7
76.86 79.62
79.78 82.04
82.2 85.54
86.12 87.29
90.58 93.42
93.59 96.01
96.17 98.76
98.93 102.39
102.56 104.47
114.57 115.82
115.99 118.95
119.11 120.74
137.01 139.18
139.34 140.43
144.1 145.39
157.23 159.65
161.82 165.16
165.33 168.5
186.89 188.31
190.68 191.69
193.06 194.19
195.61 197.07
202.53 205.53
206.62 209.45
210.29 212.62
212.79 213.96