47.8 49.97
52.64 53.64
54.48 56.48
56.81 59.65
63.99 65.99
68.62 73.83
78.5 80.04
80.5 82.34
96.6 98.52
104.19 107.53
107.86 111.16
111.62 116.21
127.05 131.05
131.22 133.56
143.86 145.36
145.53 148.57
151.07 153.83
153.99 155.41
155.58 157.41
157.58 160.5
160.67 162.29
162.46 164.3
164.46 166.42
166.59 169.59
174.3 176.18
176.35 179.35
179.52 181.98
182.15 186.65
186.82 189.99
190.15 194.32
196.41 200.25
200.41 203.17
203.33 204.92
205.09 208
208.17 210.01
210.17 212.3
212.47 213.84
214.01 216.8
216.97 221.85
223.56 228.52
228.69 230.69
231.82 233.2
234.32 236.37