3.41 7.37
7.54 10.42
11.5 14.92
25.35 27.19
37.95 40.78
45.5 47.75
47.92 49.5
49.67 50.79
65.43 66.56
66.93 68.02
68.18 69.73
72.36 74.19
74.36 76.36
76.53 78.32
79.86 83.87
84.03 88.96
89.12 92.29
94.3 96.46
96.63 101.63
101.89 106.89
107.89 109.14
109.31 110.39
111.52 112.56
114.94 115.94
116.69 120.61
122.16 123.28
132.04 134.67
134.84 138.46
138.8 140.3
142.34 144.55
144.72 148.39
148.56 153.85
155.69 159.36
159.53 163.36
163.99 166.37
167.03 169.08
171.62 174.12
175.21 177.21
177.96 180.05
182.22 184.72
185.3 188.26
189.1 191.1
192.27 194.1
194.27 195.94
197.27 199.44
206.03 207.12