34.86 36.2
37.78 41.24
41.41 44.25
44.41 45.75
45.92 48.17
48.33 51.17
51.34 53
59.18 60.85
61.01 62.85
65.6 66.89
67.06 70.98
71.15 73.73
73.9 75.44
75.61 77.9
81.12 85.29
85.45 88.17
88.33 92.67
92.84 97.17
98.17 99.68
100.76 105.6
127.04 130.79
130.96 132.33
132.5 133.92
134.09 136.21
136.38 138.92
139.09 141.14
141.3 144.1
144.26 146.06
146.22 151.02
151.19 153.19
153.36 155.23
156.52 158.99
160.74 163.12
163.28 165.41
165.58 168.37
168.54 172.92
173.08 177.25
180.26 181.93
182.93 184.43
187.68 189.68
190.85 192.85
195.06 196.52
203.32 206.28
214.46 218.04
218.21 223.8
228.18 231.35
236.73 238.69
241.28 243.86
244.03 247.37
248.58 250.7