1.29 2.88
3.04 5.92
6.09 8.67
9.34 13.89
16.93 19.89
22.44 24.82
26.03 27.36
27.78 29.45
30.53 32.87
37 38.58
42.21 45.88
46.71 49.05
50.22 53.72
54.72 57.39
57.64 58.98
59.14 63.73
64.56 66.32
66.48 69.95
70.11 71.36
71.53 74.7
74.87 77.74
77.91 79.08
81.33 83.33
84.5 86
86.75 89.09
89.26 93.93
94.26 95.93
96.26 97.68
97.85 100.39
100.56 102.73
104.44 106.19
106.36 108.52
108.69 111.65
116.12 118.62
118.78 120.37
120.54 123.46
123.62 126.17
126.33 128.59
129.76 134.13
134.3 136.43
136.59 139.1
140.18 142.52
143.94 148.94
151.28 152.95
153.61 154.95
157.95 160.62
162.45 166.12
166.29 170.46
170.8 174.13
175.88 180.26
184.31 186.65
187.81 189.65
193.65 197.32
203.62 205.5
205.66 210