0.11 2.53
2.61 4.91
4.99 7.28
7.37 9.87
9.95 14.75
14.83 17.67
18.67 22.92
23.01 25.05
25.14 27.51
51.95 53.12
61.92 63.55
78.23 79.81
79.9 81.27
81.36 83.11
83.19 85.45
85.53 89.91
90.37 95.16
95.87 99.21
99.29 101.71
101.8 104.46
104.55 107.13
107.22 110.72
113.85 116.14
116.23 118.73
120.44 123.78
123.86 125.9
125.99 127.49
127.57 132.45
133.83 135.87
135.95 137.83
137.91 140.42
140.5 142.29
142.38 144.5
144.59 148.76
152.6 153.76
153.85 155.27
155.35 157.52
157.6 158.77
161.48 163.44
165.4 167.86
167.94 170.66
170.74 172.03
172.12 175.37
175.45 177.66
177.75 181.37
181.67 183.84
189.47 191.13