4.32 5.83
7.33 8.91
9 10
10.37 11.58
15.13 16.34
18.34 21.34
21.43 23.43
23.51 26.6
26.68 29.31
30.81 32.35
33.27 35.27
35.36 37.19
39.36 40.32
40.4 42.78
43.78 46.58
46.66 48.58
49.7 52.21
53.25 54.46
56.21 57.88
57.96 61.13
61.22 65.26
65.34 68.47
68.56 72.35
81.94 83.49
83.57 88.03
88.12 91.08
91.87 93.08
95.37 97.25
99.25 102.26
102.34 105.63
131.99 134.91
135 137.33
137.42 139.17
141.67 144.05
144.13 147.26
147.34 149.22
149.3 150.6
150.68 154.06
154.14 156.6
156.69 157.69
157.77 159.81
159.9 163.11
173.33 176.5
176.58 177.92
178 180.25
180.33 183.13