4.45 6.83
6.91 7.91
8 11.63
11.71 14.38
14.46 15.42
15.51 19.59
20.76 21.76
22.85 25.27
25.35 27.81
30.65 32.65
33.82 36.78
36.99 40.66
45.62 48
48.66 50.58
50.67 52
52.08 56.59
56.67 58.59
58.67 59.92
60.01 62.01
62.09 63.43
63.51 66.1
66.18 69.14
69.23 71.14
71.23 76.69
76.78 80.95
81.03 83.16
87.49 90.33
91.96 94.88
97.25 100.34
101.42 103.68
103.76 107.89
109.6 111.35
114.06 115.69
116.27 120.57
120.9 124.61
127.08 129.12
129.2 133.79
135.08 136.67
150.89 155.06
163.28 164.57
173.04 176.21
176.29 178.54
178.63 181.3
181.38 185.26
186.26 187.26
187.34 190.47
192.81 195.27