2.69 4.28
5.86 7.74
10.49 12.16
13.79 15.66
18.67 23.17
26.42 27.68
32.31 34.35
34.43 36.02
36.1 38.02
45.82 47.19
47.86 52.12
52.2 54.54
54.62 58.37
58.46 61.75
61.83 65.21
66.71 69.43
69.51 73.89
73.97 78.23
78.31 81.6
81.69 83.98
85.23 88.32
88.4 92.62
92.7 93.78
93.87 95.49
95.58 100.16
100.25 103.79
103.88 105.21
105.29 108.3
108.38 111.38
111.47 114.72
114.8 117.35
118.43 121.52
122.6 124.27
125.36 127.36
127.86 129.94
131.65 133.66
133.74 136.12
136.2 139.12
139.2 144.04
144.13 147.75
147.84 150.51
150.59 153.38
153.47 155.3
155.39 156.76
156.85 159.31
159.39 161.35
161.43 165.15
165.81 168.15
168.73 171.4
171.49 175.07
175.91 177.41
179.49 181.58
183.79 188.13
188.21 189.92
191.96 193.26
194.09 195.68
199.43 202.06
203.02 204.6