6.32 8.95
9.03 11.99
12.33 14.12
14.2 17.16
18 20.33
20.67 22.17
22.25 24
24.09 27.17
27.72 29.88
31.8 35.01
35.1 39.39
39.48 41.85
41.94 44.86
44.94 46.82
46.9 50.53
50.61 53.16
53.24 54.99
56.79 60.67
60.75 65.75
70.13 73.22
76.06 77.56
77.64 80.23
81.31 84.81
84.9 87.69
87.78 89.69
91.28 92.7
93.28 96.7
96.78 98.16
98.24 101.08
102.87 104.46
107.5 109.17
109.26 112.22
112.3 114.59
114.68 117.05
120.73 123.35
123.44 125.69
125.77 128.61
130.48 133.45
133.53 135.07
135.57 136.95
138.33 141.04
141.12 142.79
142.87 146.46
146.54 149.75
149.84 152.09
152.17 153.3
160.31 163.77
163.85 165.44
167.86 168.94
169.02 172.86
172.94 175.95
176.74 179.99
180.08 183.08
183.16 185.46
185.54 190.67
191.75 195.47
195.55 197.18
197.3 199.89
199.97 202.06
202.14 205.89
205.98 210.36
210.44 213.69
214.65 218.99
219.32 222.37
222.45 223.83
224.04 227
227.08 228.67
228.75 232.3
232.38 236.34
236.42 239.8
239.89 244.18
246.77 247.77
249.4 250.4
253.15 255.36
263.41 264.95
271.54 273.75