4.95 8.37
8.45 11.16
21.09 23.55
23.63 25.3
25.39 26.8
30.35 31.64
31.73 35.35
36.61 37.61
37.69 40.61
40.69 42.57
42.65 45.16
45.24 46.53
60.5 62.76
62.84 63.8
63.88 67.39
67.47 69.05
70.35 71.43
71.51 72.85
78.56 80.57
80.65 82.78
82.86 84.53
84.61 86.32
86.4 89.87
89.95 93.04
93.12 94.41
94.5 97.25
98.21 99.21
99.29 102
103.3 104.46
175.24 176.45
176.54 178.5
178.58 182.08
182.17 186.67
192.09 193.68
195.26 196.68
196.77 199.89
201.23 202.69
208.9 210.86
210.95 212.86
299.28 300.83
304.46 305.62