3.99 6.28
22.05 25.51
25.59 26.84
30.47 34.18
40.65 43.9
43.98 45.36
55.79 56.91
57 59.79
59.87 62.25
62.34 64.8
64.88 66.09
66.17 67.76
67.84 69.38
70.22 72.22
74.26 75.27
75.72 79.39
79.48 82.02
82.11 84.57
84.65 86.11
86.19 90.07
91.53 95.54
95.62 97.45
97.54 99.33
99.41 104.04
104.13 106.38
106.46 111.59
111.68 115.14
115.22 117.64
117.72 120.44
120.52 122.81
122.9 126.44
126.52 130.4
130.49 132.32
132.41 135.33
135.41 139.5
139.58 140.66
140.75 142.54
143.29 146.75
147.55 149.21
149.3 152.76
152.84 155.39
155.47 156.68
156.76 159.89
159.97 162.06