3.74 6.2
6.28 7.95
8.03 9.32
58.33 61.88
61.96 63.88
63.96 66.88
66.97 67.97
68.05 71.01
71.09 73.3
73.39 76.22
76.31 79.19
79.85 81.27
81.35 83.73
83.82 84.98
85.4 86.78
86.86 89.74
89.82 92.03
92.12 93.83
100.75 102.17
103.17 106.46
108.67 110.3
110.38 112.8
114.1 115.64
127.65 129.28
129.36 132.99
138.7 141.54
141.66 143.83
145.13 147.8
147.88 151.13
151.22 153.8
153.89 157.93
158.01 162.14
163.19 164.85
164.94 167.98
168.07 169.48
169.57 174.91
174.99 177.37
177.45 180.16
180.25 181.66
181.75 184.17
184.25 187.09
188.09 190.17
190.26 193.76
193.84 196.85