13.62 16.42
16.5 19.75
19.84 23.76
23.84 26.93
28.35 29.6
29.68 32.02
33.39 36.52
36.6 38.65
53.08 57.62
57.71 60.09
60.17 62.96
63.05 65.17
65.26 70.26
71.39 73.93
76.39 77.48
77.56 80.4
80.48 82.23
82.32 84.44
84.53 86.86
86.95 89.7
98.92 101.54
107.01 108.3
113.85 116.93
117.02 118.27
168.65 171.78
171.95 174.45
175.41 176.91
177.45 179.16
189.46 192.84
193.97 197.26
197.35 199.64
199.72 202.1
202.19 204.19
204.27 207.86
208.86 211.11
211.19 213.2
213.99 215.95
216.03 217.03
225.54 228.25
228.34 229.88
231.97 233.97
234.05 235.26
236.6 241.22
242.35 245.48
245.56 246.9
247.81 248.82