7.22 8.64
13.64 18.31
21.28 24.61
25.57 26.99
29.16 33.62
35.87 37.54
37.63 40.88
42.92 45.63
47.26 50.47
56.73 58.31
60.48 62.4
62.48 65.65
68.99 70.12
70.2 72.54
72.62 74.7
74.79 76.75
76.83 79.63
79.71 82.09
82.17 83.17
83.25 85.67
88.3 90.05
90.14 92.51
93.47 94.72
97.73 98.73
98.81 101.77
101.86 104.98
105.07 106.32
106.4 108.78
108.86 111.82
114.04 116.45
116.54 119.42
120.75 124.8
124.88 126.76
126.84 129.84
129.93 133.97
134.06 135.1
135.18 139.81
139.89 142.36
142.44 145.27
145.36 148.61
148.69 150.82
150.91 153.45
153.53 155.45
155.54 158.2
158.29 161
161.08 163.75
163.84 166.59
167.46 170.13
170.22 174.05
174.14 176.26
176.35 178.77
178.85 181.98
182.06 186.94
187.11 190.24
190.32 192.03
192.11 193.91