39.57 41.82
42.15 43.45
44.99 47.45
47.53 51.83
51.91 53.46
53.54 57.54
57.63 60.38
60.46 64.26
64.34 65.43
65.51 68.93
69.01 71.77
71.85 75.94
76.02 78.77
78.86 83.99
84.07 85.45
85.53 88.12
88.2 90.33
90.41 93.83
95.87 98.46
100.34 103.92
104.01 105.09
105.18 109.47
109.55 113.31
113.39 114.56
115.64 116.77
117.48 120.86
120.94 123.86
123.94 126.24
126.32 129.32
129.41 131.16
131.24 133.2
133.87 136.16
136.25 138.63
138.71 140.92
146.63 149.76
151.39 152.64
163.36 164.86
171.87 174.04
174.12 176.62
178.21 179.37
183.13 184.55
212.7 214.41
214.49 217.95