13.01 16.14
17.64 20.18
20.31 22.23
22.35 24.19
24.27 25.65
29.11 31.32
32.74 34.2
34.32 36.53
36.62 38.24
40.08 41.71
41.83 43.96
44.04 45.27
45.29 47.71
47.79 50.13
53.3 54.89
54.97 56.51
56.64 58.97
59.1 62.43
63.39 65.19
66.1 69.19
71.4 72.78
72.86 75.2
75.32 76.38
76.41 77.41
77.53 80.41
81.95 84.12
85.17 87.33
88.96 90.8
92.09 93.38
93.47 95.05
95.18 96.3
96.39 98.18
98.3 101.01
101.14 103.27
104.1 106.35
106.48 109.98
112.11 113.19
119.87 121.95
122.08 124.71
124.83 126.21
126.29 127.73
127.75 129.38
129.5 131.5
131.59 133.38
134.67 136.93
142.39 144.93
145.06 147.23
147.35 150.56
152.19 154.94
155.07 156.65
156.78 159.53
159.66 161.66
161.78 163.91
164.04 166.04
167 168.79
168.87 170.67
172.17 174.59
175.88 178.22
178.3 179.55
179.68 182.35
182.47 185.93
187.23 188.73
188.81 190.81
191.65 193.06
196.4 197.78
201.61 203.7
208.83 210.6
210.62 211.79
211.88 213.84
216.84 218.71
219.76 222.72
223.76 225.26
225.39 227.81
227.93 229.94
233.61 235.02
235.11 236.55
236.65 238.11