3.16 6.46
6.87 11.71
11.92 14.68
14.76 18.26
18.35 22.47
25.73 28.73
28.81 33.61
36.24 39.12
39.83 43.29
43.37 48.58
51.29 53.17
53.26 54.97
55.09 57.43
57.51 59.43
59.55 61.18
61.26 63.22
63.35 64.93
65.02 66.43
66.56 68.85
68.94 71.23
71.31 74.82
74.9 78.45
80.28 82.62
82.7 84.95
85.08 88.33
88.46 90.31
90.33 91.96
92.08 93.54
93.67 95.46
95.55 97.05
97.13 98.22
98.34 99.49
99.51 101.32
101.35 103.14
103.26 105.47
105.56 106.89
106.97 107.98
108.06 110.02
110.14 112.61
112.73 115.78
115.9 117.82
117.95 119.36
119.45 120.86
122.24 124.28
124.41 125.97
126.08 128.79
128.91 131.67
131.79 134.92
135.04 137.42
137.55 139.88
140.01 142.47
142.59 143.68
143.76 146.22
146.35 147.93
148.02 150.23
150.35 152.35
160.74 163.49
163.57 164.83
164.95 167.29
167.41 169.29
169.41 172.33
172.46 174.75
174.88 176.46
176.54 178.63
178.76 180.01
180.09 182.3
182.43 184.15
184.26 186.64
186.76 190.35
190.47 193.44
193.56 195.31
195.44 199.07
199.19 202.9
203.7 206.87
207.7 213.87
214.92 217.13
217.25 218.88
219 220.3
220.38 221.97
222.09 224.43
224.55 227.97
228.1 231.27
231.39 233.77
235.81 237.9
238.94 240.98
241.07 242.49
242.61 245.45
245.57 246.67
246.7 248.2
248.33 250.12
250.24 252.33
255.37 258.46
258.58 260.96
262.26 263.84
263.97 265.38
265.51 266.93
267.05 269.18
269.3 272.27
283.78 285.78