8.83 11.46
11.59 12.67
13.17 14.65
14.72 16.05
16.13 17.51
17.63 19.05
19.14 20.6
20.72 23.89
24.02 25.02
25.14 26.35
26.43 28.64
28.77 32.73
32.86 35.9
36.03 37.11
37.24 38.7
38.78 40.37
40.49 42.58
42.7 44.45
44.58 46.66
46.79 48
48.12 49.29
49.79 51
51.13 52.92
53 54.3
54.42 57.05
57.17 59.18
60.68 63.76
63.89 65.31
65.43 66.75
66.81 68.14
68.27 69.48
69.56 71.56
81.7 84.83
84.91 87.41
88.25 89.39
89.41 91.25
113.9 115.9
115.98 118.19
120.2 121.35
121.57 123.45
123.53 125.28
125.41 127.12
127.24 128.49
128.62 131.66
131.79 133.71
133.83 135.67
135.75 137.59
137.67 140.59
141.01 143.18
143.3 144.85
144.93 147.47
147.6 150.31
150.43 152.94
153.06 156.15
156.27 158.98
159.99 161.99
162.99 166.37