9.34 11.05
11.13 14.63
16.93 18.93
19.05 22.1
22.22 24.22
24.85 28.44
28.56 30.57
35.4 38.53
42.78 45.45
47.92 50.38
50.5 52
52.09 53.96
54.09 57.51
57.63 58.89
59.01 60.26
60.35 61.85
61.97 64.47
64.93 67.14
67.27 69.1
69.19 72.11
72.23 74.57
74.69 77.82
77.95 80.57
80.7 83.37
83.45 84.95
85.29 86.75
86.87 90.67
90.79 92.17
92.29 96.09
96.67 99.01
99.72 102.01
104.35 106.77
108.52 111.31
111.44 114.15
114.27 117.9
118.95 120.45
122.82 124.57
126.49 130.08
130.21 132.62
136.25 139.47
139.59 141.88
142.01 144.01
144.14 147.43
147.56 149.56