10.52 12.56
12.64 14.27
42.71 43.8
43.88 46.14
46.26 47.68
47.76 49.6
51.06 52.74
52.77 54.48
54.6 57.19
57.31 58.98
62.03 63.5
63.53 64.65
64.78 66.53
66.65 68.28
68.36 70.33
70.45 72.29
72.37 74.2
74.33 75.5
75.58 77.54
79.17 80.25
80.42 82.76
85.3 87.3
96.77 98.31
112.87 114.87
116.46 118.33
118.41 120.46
120.83 121.88
121.96 123.54
123.67 125.17
125.3 126.92
127.01 128.59
128.72 130.97
131.05 133.31
133.43 135.47
135.6 137.1
137.23 141.27
141.35 142.54
142.56 143.82
143.94 145.44
153.2 156.33
168.55 169.55
169.67 171.61
171.64 173.47
178.68 180.74
180.77 182.4
182.48 184.11
184.23 186.07
186.15 187.23
187.36 188.53
188.65 190.05
190.07 192.28
193.53 195.08
195.74 197.3