7 8.33
8.42 9.75
9.88 11.21
11.34 13.42
13.5 14.67
15.05 16.47
16.55 18.07
18.18 20.97
21.1 22.57
22.6 23.97
24.1 25.6
25.68 27.69
27.81 31.52
31.65 32.89
32.94 34.11
34.23 36.32
36.44 37.82
37.9 39.95
40.07 42.24
42.37 43.41
43.54 44.87
44.95 46.39
46.41 49.58
49.71 52.13
52.25 53.84
53.92 55.46
55.59 57.55
57.67 59.09
59.22 61.85
61.97 64.76
69.39 70.81
70.94 72.73
72.81 74.65
77.94 80.11
80.24 83.53
83.66 86.95
87.08 89.12
89.25 90.33
90.42 92.13
92.25 93.29
93.42 94.64
94.67 96.42
96.55 97.55
97.63 99.84
99.97 101.97
137.84 139.76
140.21 141.47