1.08 3.46
3.59 5.17
5.3 6.55
6.67 7.8
7.88 9.08
9.13 10.59
10.68 11.8
22.65 24.07
25.69 27.11
43.83 44.84
48.63 50.05
62.56 64
64.02 66.07
66.19 67.9
70.28 73.49
73.61 75.57
75.7 77.74
78.54 81.33
89.55 90.8
90.88 93.26
93.39 95.89
96.01 97.76
97.85 99.18
99.31 100.6
100.68 102.31
102.44 104.81
104.94 107.15
107.27 109.53
109.65 111.65
111.78 113.36
113.49 116.78
116.91 119.12
119.24 122.08
122.2 124
124.12 126.42
126.54 128.8
128.92 130.88
130.96 132.22
132.34 134.43
134.51 135.9
135.93 137.26
137.39 138.47
140.97 143.56
144.27 145.69
145.81 147.02
147.15 150.15
150.27 153.11
153.24 154.7
154.82 157.57
157.7 159.03
159.16 162.33
162.45 164.87
165 167.08
168.79 171.59
172.84 174.84