0.76 2.18
2.27 3.48
3.6 6.19
6.31 8.31
8.44 9.82
9.9 11.94
12.07 14.69
17.49 19.82
19.91 21.74
21.87 24.29
24.41 27.83
27.96 29.69
29.71 32.25
32.38 35.09
35.22 38.26
45.27 47.1
47.23 48.58
48.6 49.8
49.9 51.27
51.36 52.98
53.11 55.4
55.53 57.42
57.45 60.7
62.33 64.66
64.79 66.29
66.37 67.83
67.96 69.58
73.05 74.21
74.3 75.9
75.92 77.67
77.8 80.84
81.55 83.64
83.76 86.39
86.52 87.93
88.02 89.16
89.19 90.77
90.9 92.77
92.9 95.32
95.44 96.73
96.82 98.15
98.28 99.65
99.74 100.74
100.86 102.91
103.03 104.78
104.91 105.99
107.58 110
115.67 117.55
117.67 119.68
123.14 124.51
124.64 126.85
126.97 129.27
130.94 133.94