0.11 2.11
2.2 3.37
3.87 4.87
5.03 7.08
7.2 9.79
18.38 21.01
21.13 22.43
22.51 24.72
24.84 27.26
27.39 29.43
29.52 30.77
30.89 34.6
34.73 37.73
42.74 44.16
46.99 48.12
48.24 51.66
59.42 60.96
61.05 63.26
75.94 78.44
78.57 80.78
86.53 87.74
88.41 89.45
89.58 91.87
92 94.25
94.37 96.25
96.33 98.29
99.34 101.26
101.38 103.72
103.84 105.51
107.51 110.26
115.77 117.31
117.44 119.61
119.73 122.44
122.57 124.53
124.61 125.89
125.95 127.16
127.24 129.87
129.95 131.05
131.08 133.2
133.29 134.77
141.21 143.21
143.3 145.13
160.61 162.36
216.2 219.46
219.58 221.87
222 225.67
229.05 231.63