0.04 1.84
1.96 4.84
4.92 6.61
6.63 8.26
8.34 10.55
15.72 17.1
17.18 19.39
19.52 20.94
21.06 24.73
24.86 25.94
26.02 27.33
27.36 29.44
29.57 31.45
31.57 33.91
34.03 36.16
36.28 37.35
37.37 38.79
38.87 40.33
40.45 42.71
42.83 44.88
44.96 46.75
46.88 49.21
49.88 51.88
56.1 58.32
58.35 60.52
60.64 62.94
63.02 65.77
65.9 68.53
110.61 112.61
112.69 115.57
117.87 119.09
119.12 121.33
121.45 124.29
124.37 126.17
126.29 128.05
128.08 129.25
129.38 131.92
132.05 134.34
134.42 136.59
155.49 156.82
160.37 161.83
164.41 167.21
186.27 187.98
188.1 189.2
189.23 191.44
191.52 193.57
200.53 202.87
202.95 204.33
204.45 206
213.25 215
220.93 223.18
223.31 226.56
284.32 286.2
286.33 287.45
287.58 289.08