3.08 4.54
4.62 7
7.12 9.92
10.04 12.25
13.63 15.17
15.26 17.22
17.34 18.89
18.97 20.68
25.39 26.59
26.73 29.98
32.11 33.57
33.65 35.86
41.12 42.44
42.53 44.58
44.66 46.16
46.29 50.21
57.34 58.65
58.68 60.3
60.43 62.05
62.14 64.06
64.18 65.72
65.85 67.27
67.35 68.93
69.85 73.69
75.44 76.98
78.24 79.9
79.99 81.66
81.78 84.2
84.33 85.53
98.3 100.76
104.3 106.43
106.77 109.31
109.43 111.02
111.1 113.1
113.23 115.15
115.27 117.73
117.86 120.69
120.82 122.86
122.99 124.78
127.58 128.66
128.7 129.97
130 131.25
131.33 133.54
135.04 137.21
137.34 141.42
142.55 144.72
144.85 146.39
147.06 149.64
149.72 151.56
151.68 154.06
154.19 156.11
156.77 158.77
160.28 162.24
163.99 166.16
169.87 171.29