2.21 4.92
5.05 7.22
7.34 9.26
9.39 10.68
10.8 13.18
13.31 15.85
15.98 18.27
18.4 19.69
19.77 22.19
22.32 24.57
24.69 26.49
26.61 28.57
28.66 31.12
31.24 33.41
34.5 37.62
39 41.71
41.84 43.84
43.92 45.07
45.09 46.13
46.22 47.28
47.3 49.97
50.1 52.56
52.76 54.52
56.14 58.14
62.86 65.28
67.74 71.95
72.07 73.91
76.08 78.29
78.41 80.29
80.42 82.21
82.29 83.71
83.84 86.05
86.13 87.97
88.09 89.34
89.43 90.43
90.51 91.6
91.72 92.76
92.89 94.6
94.72 98.18
98.31 103.15
103.81 107.53
109.9 113.87
143.31 145.61
145.69 148.32
148.44 151.2
151.32 152.63
152.66 154.87
154.99 156.7
156.78 158.43
158.45 160.96
161.08 164.33
164.46 165.62
165.71 167.54