1.17 3.17
25.07 26.57
28.19 30.11
30.2 31.2
31.32 33.32
39.87 41.6
41.62 42.89
42.92 44.84
44.88 46.17
46.3 48.84
48.97 50.48
50.51 51.97
52.09 54.97
55.05 56.6
63.6 65.77
65.9 67.33
67.36 68.69
68.82 70.4
70.49 72.09
72.15 74.2
74.32 75.37
75.45 77.49
77.62 79
79.08 81.37
81.5 83.02
84.5 85.81
85.83 87.84
87.92 89.06
89.09 91.09
91.22 94.89
94.97 96.7
96.72 97.76
97.89 99.89
100.02 102.44
118.12 120.58
120.66 123.12
123.25 125.29
125.37 126.92
127.04 129.92
149.27 152.94
181.18 183.48
189.19 190.44
190.52 192.82
206.29 207.71
208.96 210.96