26.98 28.56
28.65 31.32
32.19 35.07
35.57 38.49
39.07 41.87
42.5 48.29
52.8 55.8
56.01 59.34
59.72 60.89
60.97 62.06
62.14 63.14
63.22 67.35
67.44 69.77
69.86 71.48
71.56 72.9
72.98 74.61
74.69 75.9
75.99 77.03
77.11 78.61
78.7 79.74
79.82 80.82
84.91 86.16
89 90.33
99.18 100.84
100.93 103.76
103.85 105.43
105.52 107.14
107.23 109.39
109.48 112.65
113.02 115.02
115.86 117.86
118.49 121.86
121.95 126.16
126.24 127.87
127.95 129.29
129.37 130.54
131.21 133.71
133.79 136.71
138.22 141.68
141.76 144.01
144.1 146.72
149.14 150.77
151.98 154.52
154.61 157.48
159.24 161.61
161.7 164.16
164.24 166.66
166.74 167.74
167.83 169.16
169.25 170.58
170.66 171.71
171.79 172.96
173.04 177.59
177.67 179.34
179.42 181.34
181.42 182.92
183.84 185.3
187.68 190.02
190.1 191.14
191.35 192.77
192.85 194.02
196.61 199.44
200.78 201.9
201.99 203.66
203.74 205.03
207.45 212.16
213.58 214.79