0.62 1.82
3.95 4.95
5.04 6.87
7.33 10.67
12.34 14.75
14.84 16.34
16.42 20.01
20.09 21.68
21.89 24.81
24.89 27.18
34.65 38.61
38.7 40.61
40.7 42.57
42.66 44.12
44.2 46.2
46.29 47.7
47.79 50.46
50.54 52.62
52.71 55.13
55.21 57.38
60.05 61.34
61.43 62.55
63.39 65.14
65.22 67.18
70.56 71.73
73.61 76.15
76.23 78.32
81.11 82.65
82.74 84.2
84.58 86.16
86.24 87.24
87.37 89.08
91 92.5
92.58 94.33
94.42 95.46
95.54 96.84
96.92 98.84
98.92 100.3
100.38 101.76
104.55 105.8
105.89 108.89
111.1 112.73
115.86 117.27
121.61 123.49
123.57 126.95
127.03 130.87
130.95 132.91
133 135.54
135.63 138.8
138.96 140.3
140.96 142.42
148.35 152.14
158.15 162.24
162.69 164.03
164.82 168.41
171.66 174.5
176 177.75
178.38 179.79
183.8 185.72
192.77 194.77
194.85 196.77
197.85 200.27
200.36 202.32
203.28 204.69
205.03 206.15
206.9 210.16
210.24 213.29
213.37 215.08
215.46 216.79
217.5 219.25
219.79 221.92
222.3 223.46
224.13 225.38
247.78 250.24
250.32 252.12
252.2 254.24
254.58 256.41
262.96 264.3
267.59 269.38
272.64 273.85
273.93 276.68
276.77 280.19
280.27 281.85
281.94 283.44
296.25 298.62