11.38 12.84
17.43 19.1
19.18 20.43
21.1 22.35
30.19 31.78
32.4 33.61
34.28 35.36
35.61 36.7
36.78 38.53
60.14 62.39
65.02 68.48
68.56 72.78
73.4 74.74
76.45 77.95
78.03 79.2
79.28 80.28
80.37 81.49
81.58 85.37
85.46 88.21
88.29 91.38
91.46 93.3
96.43 98.84
100.39 103.43
103.52 105.68
106.19 109.52
109.6 113.98
114.07 115.94
117.49 118.53
118.61 120.24
120.78 122.87
122.95 127.21
127.29 131.71
131.79 134.13
134.21 136.01
136.47 137.55
137.63 138.63
138.72 139.72
139.8 141.59
141.68 142.85
142.93 144.22
144.31 146.31
146.39 147.48
147.56 148.89
148.98 153.4
153.48 154.94
156.15 158.49
164.03 166.75
166.83 168.29
168.37 170.04