0.62 4.29
4.37 6.79
6.87 8.12
13.67 14.88
15.72 17.34
17.43 18.88
26.93 28.73
29.52 30.85
31.31 35.32
37.99 40.16
40.24 41.57
41.66 45.12
45.2 48.83
50.08 53.46
53.67 57.05
57.13 59.26
59.93 61.68
61.76 64.35
64.43 65.43
65.51 66.97
74.61 76.07
76.86 77.9
77.99 80.2
82.16 83.62
86.45 87.91
90.33 92.25
93.17 94.38
94.96 98.05
98.13 100.92
103.01 105.05
106.31 107.81
111.64 113.06
123.16 124.41
124.49 125.7
125.78 127.41
127.49 128.95
129.54 131.5
132.96 136.54
136.63 138.34
138.42 140.34
146.3 149.89
151.31 152.52
153.77 155.1
155.85 157.19
157.48 159.82
160.53 163.65
169.7 172.45
174.62 176.04
176.12 179.34
184.51 187.18
190.56 191.56