0.37 2.03
2.79 4.95
7.13 8.21
8.29 9.42
9.5 11.17
11.25 13.67
22.97 24.39
32.73 34.07
45.41 46.91
47.75 49.42
56.05 58.43
58.51 61.26
61.35 64.6
64.68 68.27
68.39 72.44
72.52 74.27
74.36 77.99
78.07 79.7
83.58 85.33
85.79 88.41
89 90.16
90.25 92
92.25 94.54
94.63 96.17
96.26 97.92
98.42 102.68
102.76 104.1
104.18 105.64
105.72 109.52
109.6 113.44
113.82 115.36
115.44 116.44
116.53 119.9
120.78 121.86
121.95 123.41
123.66 126.03
126.12 129.45
137.67 138.76
138.84 139.84
140.3 142.26
152.35 156.52
156.61 159.03
159.11 161.65
161.74 164.36
164.45 168.08
168.83 172.91
173 176.21
176.29 178.5
192.48 193.73
193.81 195.35
196.19 198.15
198.23 201.53
204.24 205.28
205.36 206.41
206.62 210.24
210.33 212.04
212.12 213.66
213.96 215.92
218.71 221.96
222.05 224.88
231.93 233.47
233.56 235.23
236.77 237.81
237.9 239.27
239.36 241.19
242.24 243.53
243.61 244.69
269.18 270.18
270.26 272.01
272.1 273.31
273.39 274.93
275.02 276.14
277.27 278.65
281.48 284.61
284.69 287.2
287.28 288.86
288.95 292.24
292.33 295.24
295.33 297.79
297.87 301
303.25 305.05
305.63 307.72
309.01 311.43
311.51 314.14
317.89 319.23
319.48 323.57
323.65 324.98
327.07 328.4
348.84 350.34
351.18 354.68
354.76 358.06
358.14 360.27
360.35 363.77
363.86 366.32
366.4 367.65
368.28 369.28
369.36 370.4
370.49 371.49
371.57 372.61
372.7 374.03
374.12 377.45
377.54 379.04
379.12 380.37
380.46 383.79
383.88 386.29
386.38 388.05
389.05 390.34
390.93 392.76
400.6 402.81
402.9 405.69
406.65 409.32
409.4 411.07
411.15 414.24
414.91 417.53