1.7 4.45
9.88 12.29
12.38 16.8
16.88 19.22
19.59 23.64
23.72 25.64
28.77 30.06
31.86 33.86
33.94 34.98
36.07 37.07
37.15 38.57
40.49 41.91
44.37 45.49
53.21 54.55
56.76 58.42
58.51 59.76
63.35 64.76
65.6 67.27
68.27 71.02
72.19 75.27
79.03 80.28
82.28 83.66
83.74 85.07
85.62 88.45
89.25 90.46
97.09 98.42
104.22 105.68
114.23 115.56
118.48 119.94
121.53 123.86
123.95 128.74
130.71 132.83
134.33 135.42
136.71 140.67
140.96 142.09
142.17 144.18
145.55 146.89
152.19 157.65
161.99 164.7
165.03 166.2
173.54 175.62
175.71 177.54
178.54 180.42
180.51 183.55
198.23 200.23
200.32 201.82
203.44 204.99
205.07 207.57