1.83 4.63
4.71 8.38
9.55 10.93
11.8 15.68
15.76 17.89
17.97 19.98
20.06 23.31
23.4 25.61
25.69 29.61
29.7 32.41
32.49 34.07
35.28 38.29
39.12 42.62
43.08 47.13
47.55 51.76
53.26 57.43
57.51 61.02
61.1 65.4
65.48 70.11
72.15 73.15
73.61 75.03
76.99 79.58
81.08 82.79
83.96 85.21
87.75 89.21
89.3 90.3
91.47 93.72
93.8 97.26
97.35 99.1
99.18 100.22
100.31 101.26
101.35 102.47
102.68 103.73
103.81 104.77
104.85 106.48
106.69 108.48
108.56 109.86
110.15 111.23
111.32 112.36
112.44 113.57
113.65 115.57
115.66 117.62
117.87 119.74
119.83 121.16
121.24 122.79
123.29 125.16
125.25 128.29
128.38 129.42
129.5 130.92
131 133.17
135.05 136.26
136.34 140.39
141.76 144.89
145.18 146.52
147.35 151.02
151.61 154.44
154.53 157.36
157.45 160.45
170.21 171.21
171.34 172.34
172.42 173.76
176.05 177.97
178.05 180.47
180.55 182.47
182.56 184.89
184.97 186.89
186.98 188.19
188.27 191.81