0.99 3.7
3.79 5.83
5.92 9.17
9.42 13
13.09 14.13
14.21 16.26
26.56 27.73
37.61 41.82
44.45 45.7
46.12 47.75
71.61 73.11
73.69 77.03
78.19 80.65
81.07 84.49
87.91 89.21
93.63 95.75
96.96 99.72
100.59 103.55
107.6 109.1
109.18 111.19
113.06 114.9
114.98 116.77
116.86 118.61
118.69 120.69
121.45 123.03
124.2 125.82
128.37 130.12
130.21 132.12
132.21 134
134.08 135.96
136.05 137.71
140.97 143.38
147.39 148.89
149.31 151.73
154.56 155.98
156.9 159.65
165.57 166.7
167.74 169.08
169.87 171.83
171.91 173
174.08 175.71
175.79 176.92
178.25 179.5
181.71 183.38