1.45 2.79
3.12 4.5
5.87 7
11.55 12.55
14.88 16.3
18.05 19.34
19.43 20.47
21.27 23.06
23.77 25.23
29.27 30.57
34.07 35.11
35.2 37.32
39.2 41.78
41.87 42.95
46.58 49.54
50.59 53.09
53.5 55.3
55.38 58.51
60.93 63.72
64.1 65.39
65.93 70.4
70.69 74.98
75.44 78.53
79.36 82.03
82.12 84.74
84.83 86.7
86.79 89.66
89.75 92.42
92.5 95.21
95.8 97.01
98.51 101.76
105.39 108.48
111.1 112.56
115.44 118.57
118.65 119.9
119.99 122.49
123.28 125.53
131.33 132.87
133.42 134.92
135 136.42
138.97 140.26
140.68 142.01
143.14 144.55
144.64 146.22
146.31 147.81
150.69 152.23
153.69 155.36
156.57 158.03
158.11 159.24
160.03 163.07
163.86 166.53
167.41 171.2
171.29 176
176.09 179.67
179.76 182.05
183.34 185.05
187.6 189.68
190.39 191.64
192.44 193.98
197.44 198.77
201.24 202.57
203.41 204.91
221.67 222.92