10.78 12.11
16.28 21.16
21.29 26.42
26.58 28.96
29.08 32.17
33.51 34.84
43.6 46.02
46.6 48.6
49.52 50.56
50.65 51.77
60.33 63.83
63.91 65.62
72.13 73.96
74.3 75.46
84.72 86.1
86.89 88.1
88.19 89.6
92.86 94.61
95.32 97.24
111.88 113.79
115.38 119.55
120.22 121.22
121.3 123.55
126.68 128.02
128.85 130.31
130.4 131.77
137.94 139.03
139.65 141.03
141.66 146.28
152 153.29
153.38 154.38
156.71 158.46
159.47 160.72
160.8 163.68
163.76 165.26
165.55 167.05
174.48 176.98
177.73 179.11
186.33 188.2
189.45 191.16
192.5 194.5
195.96 197.59
198.34 200
201.8 203.93
205.22 207.22
208.56 211.31
215.1 217.11
219.32 221.65
237.08 241
241.38 242.38
242.46 243.55