4.58 7.59
7.67 12.26
12.51 13.67
13.76 14.8
14.89 16.68
16.76 17.89
18.26 19.93
20.27 21.31
21.39 25.69
28.11 29.23
29.32 30.36
30.44 31.65
31.74 33.11
33.2 34.65
35.2 37.03
37.12 39.41
39.49 41.37
41.45 44.96
49.25 51.21
58.3 59.93
61.26 62.72
62.81 64.48
64.56 67.56
67.65 70.02
70.11 71.36
71.44 72.57
72.65 77.66
77.95 79.74
79.83 82.58
82.66 86.54
86.62 89.67
90.38 92.34
100.01 103.97
104.27 106.64
106.73 108.31
110.65 115.11
115.19 117.86
117.95 121.53
121.7 123.03
123.95 127.37
127.46 129.46
129.54 131.54
131.63 132.79
132.88 135.63
135.71 137.67
143.14 144.22
146.22 148.48
152.06 153.23
153.31 155.23
157.4 159.28