0.17 1.42
1.5 4.46
4.67 8.38
8.47 12.26
13.47 16.68
16.77 19.52
19.6 20.64
20.73 22.23
22.31 24.81
24.9 26.23
26.32 29.4
29.49 31.57
31.65 34.57
34.66 37.58
37.66 39.29
41.5 43.42
43.5 45.96
46.04 48.88
48.96 50.3
61.06 63.6
63.69 66.61
66.69 69.07
70.99 72.03
72.11 73.11
73.2 77.7
86.21 87.92
88 90.21
90.3 92.67
92.76 94.38
94.47 95.97
96.09 97.14
97.22 100.6
100.68 104.48
104.56 106.35
108.11 109.23
109.61 113.11
113.2 115.82
115.91 119.99
120.08 122.16
122.25 124.33
124.41 127
127.08 128.38
128.46 130.96
131.05 132.67
132.76 135.47
135.68 138.22
138.3 140.51
140.76 145.77
147.19 149.44
149.52 152.32
154.86 159.53
159.62 161.49
161.58 163.2
163.29 165.54
165.62 167.66
167.75 169.92
170.96 174.67
175.13 178.64
178.72 181.26
181.39 182.89
184.68 187.64
187.73 189.65
189.73 193.19
193.27 194.73
195.53 196.74
198.78 199.99
201.87 202.95
203.03 204.08
204.41 207.66
207.75 211.21
211.5 215.3
215.38 218.47
218.55 221.18
221.43 224.72
224.81 228.48
233.11 234.19
235.48 236.69