15.22 16.43
17.27 19.47
19.56 23.23
23.31 24.9
27.15 28.4
29.24 31.32
32.2 33.41
35.7 37.12
37.66 39.91
43.42 45.71
45.79 47.71
49.3 50.55
52.22 53.38
61.48 63.06
63.15 66.27
69.73 71.57
74.91 76.74
82.46 83.83
83.92 85.17
85.25 87.29
87.38 90.63
90.71 93.47
93.8 95.59
95.97 98.18
98.76 101.1
101.18 102.77
102.85 105.35
105.44 108.56
108.94 110.57
117.91 119.07
119.83 121.45
121.99 123.54
123.62 127.58
127.67 130.67
130.75 133.34
133.42 136.97
137.68 140.22
140.31 142.47
143.6 146.52
148.27 149.85
151.15 152.19
152.28 155.19
155.28 157.78
157.86 163.24
163.33 164.91
165 166.25
166.33 170.29
170.38 172.55
172.67 174.42
174.51 178.05
185.81 187.14
196.53 198.03
215.38 217.26