16.88 18.26
19.51 20.55
20.64 23.56
24.73 28.64
28.73 30.35
32.77 34.53
35.74 38.28
42.37 45.29
45.37 46.45
47.87 50.96
51.04 54.42
54.5 55.8
64.6 65.97
77.57 79.07
83.24 84.41
85.16 86.41
90.08 93.42
94.5 96
96.09 97.88
97.97 100.55
100.63 102.38
102.47 106.01
106.1 108.56
110.02 111.23
118.74 119.78
119.86 121.4
121.86 123.32
123.41 126.28
126.66 127.74
127.91 129.33
130.04 131.75
131.83 133.12
149.18 151.43
152.56 154.02
154.65 155.85
155.98 157.73
162.07 163.15
165.16 166.49
177.25 179.46
179.55 182.09
182.17 184.05
184.13 185.59
185.68 187.14
189.01 190.18
190.64 191.72
192.31 193.64
193.73 195.27
195.35 197.85
197.94 200.78
200.86 204.2
204.28 205.32
210.62 211.7
212.08 214.96
215.04 218.96
219.04 222.55