0.7 2.91
5.71 10.3
19.97 22.27
22.35 24.9
25.02 26.98
31.69 33.32
34.82 37.16
38.91 40.01
40.33 42.37
42.54 46.92
47.08 48.18
64.56 65.85
70.44 72.78
72.94 74.7
74.78 76.32
76.49 77.99
78.07 79.95
80.12 81.72
81.74 82.95
83.41 86.71
86.87 88.29
89.96 92.67
92.75 94.01
94.92 97.8
99.55 101.14
102.43 103.97
104.06 107.44
113.65 115.49
116.86 118.28
119.41 120.7
124.62 125.95
128.25 130.54
130.71 132.04
135.01 137.17
138.13 139.41
140.39 141.6
141.76 144.1
144.26 145.43
145.6 147.2
147.27 150.06
150.23 152.31
152.4 155.44
155.53 156.69
156.78 158.7
158.86 161.07
161.24 165.83
165.91 167.83