2.71 4.21
4.38 5.65
5.67 7.9
7.92 8.92
9.01 10.19
10.22 11.62
11.76 13.81
14.01 15.43
15.52 16.77
16.85 18.06
18.14 21.48
22.23 24.4
24.48 25.65
30.07 32.07
33.7 35.2
35.29 36.75
37.04 38.33
41.08 42.5
42.67 44.84
55.89 56.99
62.9 64.23
64.31 65.32
65.4 66.5
67.82 70.65
70.82 73.07
73.24 75.12
75.28 76.38
76.41 78.33
78.41 80.46
80.62 82.33
83.21 86.67
90.38 92.63
93.34 94.44
94.59 96.35
96.51 97.81
97.89 98.99
99.93 101.1
101.27 102.73
102.89 104.1
104.19 105.71
105.73 108.07
108.23 110.17
110.19 111.38
111.4 112.57
113.32 114.42
115.2 116.3
117.03 118.13
120.75 122.83
124.96 127.29
127.46 129.34
129.5 131.59
131.67 133.47
133.55 134.97
135.13 137.14
137.3 139.01
139.1 141.47
141.56 142.66
142.73 144.69
144.77 145.91
145.94 147.08
147.1 148.95
148.98 150.57
150.65 152.78
152.86 154.45
154.53 156.3
156.32 157.99
160.37 163.71
163.87 165.66
165.83 167.88
168.04 169.79
169.88 172.21
172.3 173.46
173.55 174.82
174.84 177.93
178.55 180.43
182.64 183.74
185.77 186.94
196.24 197.34
198.16 199.41
199.49 200.68
200.7 201.97
201.99 204.18
204.2 205.58
205.66 207.91
208.37 211.08
211.25 213.17
213.38 215.76
215.92 219.72
219.89 222.39
222.47 224.77
224.93 226.31