7.42 8.8
8.88 11.01
11.17 13.34
13.43 15.55
15.72 17.43
17.6 19.68
19.85 23.14
23.31 26.27
26.44 28.69
28.86 32.36
32.78 33.88
37.66 38.66
38.74 41.08
42.25 44.71
44.87 47.25
47.34 48.34
48.42 50.5
50.84 51.84
51.92 54.18
54.3 55.4
56.34 57.89
57.97 58.97
59.06 60.66
79.45 82.08
82.16 83.91
84.58 86
86.17 87.85
87.92 89.02
89.09 91.51
91.59 92.72
92.8 94.3
94.38 96.22
96.38 99.26
99.43 101.18
101.35 103.52
103.68 105.08
105.1 106.37
106.39 107.5
107.9 110.15
110.98 112.78
112.86 114.78
114.86 115.96
116.28 119.24
119.32 121.45
121.54 123.29
123.45 125.25
125.33 127.08
127.17 128.79
129.13 130.79
130.96 134.67
138.59 140.89
141.26 142.36
147.06 149.15
151.23 154.44
154.53 156.44
156.74 158.95
159.03 161.62
163.83 166.08
166.25 168.25
168.41 170.42
170.79 171.89
171.96 175.59
175.67 179.26
179.43 180.53
180.84 182.64