9.25 11.96
12.13 13.63
13.8 15.55
15.63 17.97
18.05 20.51
20.6 23.39
23.47 24.89
28.77 31.11
31.27 33.15
33.19 34.53
34.69 36.9
37.07 38.34
38.36 39.95
40.11 41.57
43.2 45.44
51.13 53.42
53.59 56.09
56.17 57.42
57.59 59.68
59.84 63.93
64.01 65.01
65.1 67.02
68.1 70.56
70.73 72.56
78.03 79.15
79.24 81.28
85.41 87.39
87.41 91.58
94.59 95.69
95.75 98.76
101.97 103.68
103.84 105.68
106.85 109.02
109.1 111.44
111.73 113.61
116.07 120.24
120.4 122.36
134.33 136.29
139.21 141.01
141.09 142.33
142.68 147.64
148.26 151.6
153.69 156.9
157.07 159.61
159.69 161.9
162.53 164.28
164.82 166.37
166.45 168.66
168.74 169.84
169.87 171.95
172.45 174.75
174.92 176.29
176.83 177.96
178.04 180.05
180.13 181.13
181.21 182.48
182.51 183.82
183.84 185.72
185.8 186.97