5.54 8.8
10.51 11.61
13.18 14.28
15.47 17.76
17.93 19.26
19.43 21.14
21.23 23.27
23.35 25.48
25.56 28.32
28.52 30.15
30.32 31.42
31.49 33.15
34.11 36.39
39.66 41.41
41.5 43.25
43.33 45.75
45.83 48.29
48.38 50.27
50.3 51.52
51.55 52.55
52.63 53.82
53.84 54.94
55.01 56.11
56.18 58.47
58.55 60.18
60.26 61.72
64.14 66.44
66.52 68.06
68.23 70.15
70.32 71.56
71.65 72.9
72.99 74.44
74.61 76.36
76.45 78.16
78.32 80.47
80.49 81.74
81.83 83.83
83.91 86.33
86.42 87.42
87.5 88.94
88.96 91.09
91.17 92.34
92.42 94.55
95.05 96.4
96.43 99.3
99.47 102.72
102.89 104.77
104.85 107.69
107.77 109.9
109.98 111.79
111.82 113.78
113.94 115.53
115.61 116.9
117.07 118.2
118.28 120.78
120.95 122.45
125.29 128.25
129.54 131.17
137.13 139.13
139.22 141.51
141.6 143.43
143.51 146.27
146.43 148.1
159.82 161.32
170.33 171.54
172.71 174.92
175.92 178.17
178.26 179.54
183.76 185.56
196.69 198.15
198.24 200.2
200.28 202.32
202.41 204.07
204.16 205.64
205.66 207.16
207.25 209
209.16 210.62
210.71 212.33
212.42 213.52
224.64 225.85
225.93 227.2
227.22 228.53
228.56 230.69