6.47 8.77
15.15 16.25
16.28 17.28
17.36 19.86
25.24 27.37
28.83 32.12
32.29 34
39.8 42.26
42.43 44.43
44.51 45.51
45.6 48.47
48.64 51.56
65.49 67.16
67.24 69.58
69.66 71.75
71.91 73.5
73.58 76.67
79.17 80.27
88.35 91.02
92.06 93.31
93.39 95.1
95.27 97.36
98.57 101.94
104.66 106.95
107.12 109.7
110.54 111.64
111.95 114.25
114.33 116.79
116.88 118.52
118.54 119.55
119.63 121.09
121.17 122.38
122.47 123.47
123.55 124.65
125.18 126.34
126.51 128.14
129.93 131.22
134.18 135.89
138.77 140.57
140.73 141.83
141.9 143.61
143.78 145.36
145.53 146.7
146.78 147.99
148.07 150.16
150.33 153.41
153.58 154.91
155.08 157.96
158.12 159.29
159.46 160.88
160.96 161.96
162.05 164.63
164.8 165.8
165.88 167.82
167.84 169.05
169.14 170.61
170.64 172.18
172.26 175.02
175.18 178.35
178.44 180.02
180.19 182.4
182.48 184.36
184.53 185.7
185.78 188.24
188.41 189.41
189.49 191.16
191.24 192.39
192.41 193.41
193.49 194.85
194.87 197.46
197.54 198.87
198.96 200.13
200.21 202.09
210.09 212.1
215.1 217.27
217.35 219.35