0.37 2.37
2.45 4.46
4.62 6.42
6.5 9.29
11.75 14.05
14.21 15.59
16.17 19.01
21.6 23.51
29.65 31.82
31.9 33.53
47.71 49.12
49.21 51.25
51.42 52.59
52.67 54.38
54.55 57.76
58.59 61.47
61.64 64.26
64.43 66.81
66.98 68.24
68.27 69.58
69.6 71.11
71.19 72.71
72.73 74.94
75.11 78.24
78.32 79.86
79.95 82.91
84.58 85.68
86.54 88.26
88.75 90.75
101.51 104.3
104.39 105.6
105.76 109.48
109.64 111.06
111.15 112.65
112.73 113.73
113.81 116.53
116.69 118.28
118.36 119.49
119.57 121.17
121.2 122.82
122.99 124.87
125.03 127.95
128.5 130.37
130.46 132.33
132.42 133.7
134.04 135.23
135.25 136.25
136.34 137.98
138.01 140.21
140.3 141.4