2.46 4.01
4.09 5.61
5.63 7.35
7.51 9.15
9.76 10.77
10.85 11.99
12.02 13.14
13.23 14.39
14.48 16.1
16.19 18.27
18.44 19.44
19.52 21.54
21.57 24.36
24.53 25.65
25.82 26.92
29.66 31.91
32 34.12
35.29 37.33
39.17 41.8
41.88 43.13
43.21 45.76
45.84 46.97
47.13 49.22
49.3 50.66
50.72 51.72
51.81 52.91
52.93 54.85
54.93 56.85
57.02 58.9
58.98 61.52
61.61 63.57
63.65 65.19
65.69 67.4
69.7 72.16
72.24 73.64
73.7 75.5
75.58 76.58
76.66 78.54
78.71 80.07
80.13 81.73
81.75 84.84
84.92 86.02
86.05 87.53
87.55 89.09
89.18 90.82
90.85 91.97
92.06 93.69
93.77 97.35
100.6 102.4
133.05 136.06
136.89 138.1
138.89 141.73
142.23 143.33
143.69 144.9
144.98 146.4
146.57 147.94
148.99 151.45
151.53 152.53
152.62 154.03
154.12 156.12
156.29 157.38
157.45 160.96
161.12 162.29
162.38 164.71
164.88 168.42
169.09 170.19
170.47 171.47
171.55 174.6
174.68 175.81
175.89 179.14
179.31 181.23
181.31 182.65
182.73 185.23