2.25 3.83
3.92 5.54
5.63 6.73
6.8 7.96
8.05 10.13
14.93 16.72
17.97 19.85
25.86 28.02
28.19 30.82
30.99 33.49
33.66 34.66
34.74 35.74
35.83 37.22
37.24 38.24
38.33 39.43
39.54 41.79
41.96 43.37
43.46 46.25
46.42 48.34
48.42 49.42
49.51 51.15
51.17 53.47
53.63 56.43
56.51 57.51
57.6 58.6
58.68 60.08
60.1 62.06
62.14 64.39
64.48 66.02
66.52 68.02
68.19 69.4
69.48 72.57
72.74 75.7
75.87 78.2
78.37 81.29
84.87 87.71
88.88 92.42
92.59 94.59
94.76 96.55
97.97 99.07
100.26 101.36
101.39 102.58
102.6 105.81
108.65 110.9
111.07 113.24
121.87 123.2
123.29 124.41
124.5 127.37
127.46 128.79
129.21 130.96
131.13 133.38
133.55 135.3
135.72 136.97
137.05 138.65
138.68 141.56
141.72 143.1
143.18 144.28
144.39 145.73
145.81 147.35
147.56 150.15
150.31 151.86
151.94 153.36
153.53 156.32