3.58 5.46
5.54 8.02
8.04 10.59
11.05 12.63
12.71 14.19
14.22 15.51
15.68 17.03
17.05 18.43
18.93 20.51
20.68 22.85
25.64 27.24
27.35 29.11
29.27 31.23
31.32 33.21
33.23 35.7
35.78 37.66
37.82 39.66
39.74 41.95
42.04 43.25
43.33 45.21
45.58 46.9
46.96 48.17
48.33 50.42
50.96 52.36
52.38 53.48
53.67 55.51
56.8 58.3
61.1 62.31
64.35 66.48
66.81 68
68.02 69.12
69.19 70.91
73.23 74.83
74.94 76.36
76.44 77.85
77.99 79.95
80.49 81.7
81.87 83.49
83.58 85.75
85.91 89
89.17 91.54
92.5 94
94.17 95.27
95.38 97.42
97.51 98.88
99.05 100.15
100.26 101.36
101.93 104.56
104.72 107.73
107.89 110.98
111.06 112.69
113.9 117.19
117.36 119.2
119.36 122.16
122.32 123.93
123.95 125.67
126.04 127.44
127.54 129.25
129.54 130.79
130.96 132.46
132.54 134.5
134.67 137.42
137.59 138.92
139.55 141.34
141.72 143.8
143.97 145.81
145.89 147.35
147.43 148.43
148.52 149.62
149.64 151.52
151.56 153.36
153.44 154.77
154.94 157.9
158.07 160.19
160.28 161.28
161.36 162.91
162.99 164.79
164.91 166.01
166.12 168.08
168.16 169.96
170.04 171.62
171.79 174.71
176.75 178.46
178.8 181.8
181.97 185.18
185.35 187.6
187.68 190.81
190.98 193.4
193.56 195.65
195.73 199.23
199.78 202.53
202.7 206.62
206.7 209.79
209.95 211.33
211.41 212.87
213.04 215.04
215.29 217.84