2.54 4.06
4.08 5.47
5.5 7.12
7.29 10.5
10.59 12.71
12.88 16.17
16.34 17.47
17.63 20.01
20.18 21.51
21.6 23.28
23.85 25.45
25.52 27.98
28.15 29.48
31.31 32.32
32.4 33.71
33.73 35.65
35.74 38.32
38.41 40.57
40.66 42.12
42.2 44.62
51.71 53.25
56.59 57.69
57.84 59.01
60.76 62.76
62.85 64.6
64.68 65.93
66.02 68.14
68.23 70.03
70.1 71.86
72.02 73.36
73.52 75.23
76.4 78
78.07 79.07
79.15 80.3
80.32 81.42
81.45 82.45
82.53 83.53
83.62 84.72
84.74 85.74
85.83 87.41
87.58 89.08
89.25 91.25
91.42 93.38
94.96 97.05
97.13 98.53
98.63 100.07
100.09 101.38
101.47 102.72
102.89 105.22
105.39 107.64
107.81 112.81
112.9 116.44
116.61 119.99
120.07 122.7
122.78 125.12
125.2 128.04
128.12 130.46
130.62 133.79
134.17 135.88
135.96 138.63
138.71 140.67
140.76 141.88
145.35 147.52
148.22 149.39
149.56 153.31
153.48 156.02
158.57 159.69
159.86 160.96
161.74 163.99
164.61 167.41
167.58 168.68
170.5 172.87
172.96 174.06
182.63 183.88
184.05 185.55
185.93 187.26
187.35 189.07
189.1 190.64
190.81 193.1
193.27 196.4
197.15 199.36
199.44 201.32
201.48 203.99
207.12 208.22
208.28 209.74
209.83 211.79
213.5 215.21
215.54 218.46