1.99 4.95
5.04 7.12
9.5 10.6
10.67 12.21
12.38 14.15
14.17 16.51
18.84 20.72
20.89 21.99
22.14 24.27
26.6 28.02
32.02 33.65
33.73 35.78
35.86 36.96
36.99 38.09
38.24 41.16
45.7 48.71
49.04 52.46
52.63 53.84
54 55.1
55.17 57.55
57.63 59.93
61.18 64.31
64.47 68.14
68.23 69.69
69.85 71.9
72.06 73.57
73.73 74.86
74.94 77.24
77.32 79.59
79.61 80.61
80.7 82.05
82.07 83.26
83.28 84.28
84.37 86.62
86.99 89.66
89.83 91.89
91.92 93.88
94.04 96.92
97.01 98.69
98.72 100.38
100.47 101.61
101.64 103.55
103.64 105.89
108.35 111.35
111.89 114.27
114.73 116.28
116.78 119.03
119.19 122.03
122.2 124.24
124.41 127.41
127.58 130.79
130.96 133.75
133.92 135.75
135.92 138.01
138.17 140.05
140.22 143.05
143.22 145.76
145.93 147.39
147.56 149.64
149.72 151.77
151.93 154.19
154.35 155.73
155.9 158.73
158.94 161.07
161.15 162.99
163.91 167.2
167.74 170.79
173 174.21
188.64 191.6
195.56 197.06
197.23 198.44
198.52 201.07
206.24 208.16
208.32 210.62
210.7 211.7
211.79 215
215.16 216.52
216.54 218.5
218.67 221.26
221.42 224.05
224.59 226.59
228.3 229.43
229.51 231.76
231.93 234.1
234.18 235.18
235.27 236.7
236.73 237.94