1.67 3
3.09 4.97
5.09 6.51
6.67 8.42
10.22 11.32
11.34 12.89
13.05 15.76
15.93 17.31
17.39 18.87
18.89 20.06
20.23 21.91
21.94 23.04
23.11 24.73
24.9 26.11
27.23 31.99
32.07 34.28
34.45 37.29
43.17 45.33
45.38 47.46
47.55 48.65
48.67 49.77
49.8 51.38
51.47 53.68
54.72 56.82
56.85 58.47
62.65 65.15
65.23 66.33
87.88 89.63
89.71 90.92
91.01 93.43
93.59 95.47
99.85 102.35
103.89 104.99
105.48 107.4
108.27 111.32
111.86 114.4
114.57 117.78
118.37 121.29
125.17 126.63
126.71 129.42
130.34 132.63
133.63 139.89
139.97 142.14
142.22 144.31
144.48 146.19
146.27 147.56
147.73 149.73
149.9 151.28
151.44 154.03
154.19 156.28
156.45 159.41
159.57 160.58
160.66 161.76
161.79 162.79
162.87 164.43
164.45 167.75
167.83 169.88
170.04 173.59
173.76 177.05
177.22 179.47
182.14 183.24
185.18 186.73
188.85 190.56
190.73 192.78
192.94 194.44
196.99 198.32
205.91 207.01
214.63 216.01
222.64 223.93
226.1 227.64