23.93 26.44
33.32 34.42
37.07 38.17
39.74 41.28
51.17 53.55
55.09 57.13
57.3 59.05
59.22 60.7
60.72 62.11
62.14 63.32
63.35 64.45
65.6 67.19
72.61 73.94
74.11 75.36
75.44 76.54
76.57 77.67
77.74 80.24
81.12 83.33
85.62 87.26
87.29 88.75
88.91 90.21
90.29 91.39
91.5 94.25
94.42 96.8
96.96 98.72
98.88 102.39
102.55 104.76
106.27 107.52
107.6 109.35
109.52 111.02
111.19 112.81
112.98 115.73
115.9 118.49
118.57 119.67
119.7 120.79
121.57 122.74
123.74 125.41
125.91 127.74
137.8 138.9
140.34 142.51
142.88 144.68
144.85 147.72
147.89 151.39
154.56 155.9
176.29 178.5
178.67 180.17
180.26 182.88
182.97 184.63
184.84 186.1
186.72 187.82
187.97 190.73
190.89 193.56
194.1 196.19
196.36 200.03
200.19 202.53
203.24 204.24
204.32 206.37
206.53 208.78
209.45 211.5
211.66 216.08
216.17 218.29
223.38 226.55
227.26 228.68
234.64 235.74
236.48 238.19
239.4 240.73
241.44 243.44