6.74 8.28
9.12 10.21
10.37 12.83
12.99 16.46
16.62 19.92
20.08 21.63
24.59 26.23
26.26 27.74
27.88 31.85
34.47 38.39
38.56 41.81
41.98 43.44
50.36 51.46
54.41 56.2
68.51 69.63
73.05 74.05
74.14 75.76
75.93 77.1
83.02 84.12
85.48 87.61
89.9 91.11
91.28 94.41
96.79 97.89
99.62 101.46
105.09 107.76
107.84 108.96
109.09 113.22
115.14 118.06
118.22 120.85
123.9 125
125.02 126.18
128.82 132.11
138.62 140.41
142.29 144.92
147.54 148.92
149.92 151.3
151.46 152.63
152.72 153.94
153.97 156.09
156.26 158.18
158.35 159.68
159.93 161.18
162.39 166.19