9.91 11.87
12.12 13.52
13.54 14.64
15.63 16.75
16.84 18.25
18.42 20.38
20.42 21.52
21.55 22.65
22.67 23.8
23.97 26.14
26.3 29.22
29.51 31.35
31.52 32.62
32.68 34.23
34.31 35.41
35.52 37.1
37.27 38.4
38.69 40.44
40.52 41.9
42.9 44.53
44.61 46.2
46.36 47.82
47.99 50.41
50.58 52.41
52.58 55.25
60.75 63.01
72.43 73.89
74.06 75.77
76.48 80.06
87.41 89.82
90.03 93.24
104.88 105.98
107.51 108.8
111.35 112.6
113.85 115.14
116.23 118.89
119.27 120.56
127.11 129.57
129.74 133.41
135.16 136.37
137.46 139.83
169.45 170.55
171.16 172.53
172.7 175.58
175.74 177.5
183.75 184.88
185.38 186.75
187.25 190.17
204.98 206.98