19.31 21.1
21.26 23.27
23.35 25.11
25.19 28.36
28.52 29.62
29.73 32.03
58.97 60.07
60.97 62.6
62.76 65.06
65.23 66.56
66.64 68.6
68.77 71.23
72.9 74.86
76.03 79.87
81.95 85.66
91.92 93.5
201.2 202.4
202.49 204.95
206.78 208.87
209.2 211.83
211.91 213.17
213.25 214.75
214.83 217.13
217.29 219.3
219.38 220.48
220.71 222.22
225.76 227.43
227.97 230.72
230.89 231.89
231.98 234.23
235.73 237.29
237.31 239.65
239.73 240.73
240.82 242.53
242.7 244.24
244.7 247.12
247.82 249.87
249.95 251.87
252.12 253.12
253.2 254.58