10.67 12.71
12.88 14.71
14.88 19.26
22.76 25.85
26.02 27.68
36.61 40.36
44.7 45.83
45.91 47.58
47.74 50.46
55.59 57.38
57.55 59.55
65.09 67.89
68.06 70.31
81.32 82.57
95.42 96.88
121.07 122.82
122.99 125.16
125.24 126.76
126.78 127.78
127.87 128.87
128.95 130.08
130.16 132.7
132.87 134.04
134.12 135.54
135.62 137.06
137.21 139.34
139.42 142.59
142.76 144.97
145.13 147.76
147.93 148.93
149.01 150.17
150.47 151.47
151.56 153.23
153.31 154.68
154.85 156.39
156.48 158.31
158.4 160.07
160.23 163.65
163.82 166.65
166.82 169.12
169.7 171.24
171.33 172.43
172.49 175.25
175.33 176.62
176.71 178.75
178.83 180.25
180.33 181.34
181.42 182.52
182.59 185.17
185.34 188.13
188.3 190.3
190.39 192.39
192.56 194.39
201.32 202.41
202.48 203.69
206.74 207.95
210.41 211.62