3.34 5.79
5.96 8.96
9.13 12.26
12.43 15.26
15.43 17.72
18.31 19.77
19.85 23.98
24.06 27.48
27.65 31.57
31.74 36.49
36.58 38.91
38.99 40.54
40.7 43.96
44.13 46.04
46.21 48.63
49 50.88
51.13 53.22
53.3 54.97
55.18 59.39
59.52 62.56
62.73 67.52
67.69 69.19
80.74 83.25
83.33 85.79
85.88 87.79
87.88 89.09
90.59 93.68
94.13 97.3
97.47 100.26
100.43 102.68
102.85 104.85
104.94 106.86
107.4 110.02
110.11 111.98
112.15 116.91
116.99 119.87
120.03 123.25
126.29 129.09
129.25 131.96
132.3 135.09
135.59 137.93
139.14 141.93
144.64 147.06
148.69 151.07
151.15 152.59
152.61 153.73
153.82 155.42
155.44 156.54
156.57 157.69
158.03 160.58
160.74 163.2
163.29 165.33
165.41 167.08
167.17 168.33
168.42 169.42
169.5 171.46
174.05 177.01
177.51 179.3
179.47 181.6
181.68 184.56