4 5.88
6.46 7.56
7.63 10.25
10.42 12.59
12.67 14.59
14.68 16.32
16.34 17.78
17.8 19.81
19.89 21.27
21.35 22.45
22.47 24.16
24.19 25.74
25.81 28.42
28.44 29.96
30.07 31.4
31.57 33.82
33.99 35.09
35.16 38.07
38.24 39.74
39.91 40.91
40.99 43.41
43.58 44.58
44.66 47.08
47.25 48.35
48.38 50.34
50.5 51.6
51.75 53.51
53.59 54.82
54.84 56.8
56.89 58.93
59.01 60.11
60.18 62.06
62.14 63.31
63.39 65.23
65.27 66.74
66.77 69.11
69.27 71.36
71.44 73.13
73.15 74.57
77.91 79.62
79.7 82.37
82.45 83.79
83.95 86.62
86.71 88.37
88.46 90.04