4.17 8.17
9.43 10.76
10.84 12.28
13.26 15.51
17.18 19.23
19.31 20.73
21.56 23.23
23.31 25.82
25.98 28.03
28.11 30.78
31.66 33.37
33.45 34.66
34.74 36.62
36.79 39.04
39.12 41.04
44.46 45.67
45.84 48.71
50.42 51.52
51.55 53.97
54.14 57.14
59.06 60.64
60.81 63.52
63.69 65.77
66.02 68.23
68.4 69.88
69.94 71.78
91.92 94.43
103.19 104.65
104.81 105.98
106.15 109.27
109.82 111.82
120.95 123.62
125.75 128.46
128.63 129.75
131.55 132.65
132.8 136.64
136.8 138.26
138.85 140.6
140.76 142.64
142.93 144.85
145.02 146.81
157.91 160.99
161.24 165.33
165.71 167.29
169.21 170.71
170.88 173.38