12.94 17.81
17.88 21.65
21.71 26.58
26.68 29.02
29.12 33.32
33.42 37.76
37.83 40.63
40.73 42.87
42.93 45.87
45.94 50.51
50.57 53.54
53.64 57.35
57.48 62.05
62.15 66.12
66.19 71.09
71.2 74.9
74.97 77.9
78 80.8
80.9 83.14
83.24 85.48
85.54 87.44
87.54 90.15
90.21 92.25
92.32 94.75
94.85 96.82
96.85 99.26
99.36 103.26
103.33 107.3
107.4 112.84
112.94 114.91
115.01 117.17
117.21 119.38
119.44 121.35
121.45 124.15
124.28 126.22
126.28 128.19
128.32 130.95
131.05 133.66
133.72 137.36
137.43 140.56
140.63 144.33
144.43 149.34
153.24 155.15
155.28 158.38
158.48 161.02
161.12 164.19
164.29 168.53
168.63 172.5
172.6 177.87
182.57 185.84
185.91 188.68
188.75 191.68
191.78 195.75
195.82 199.89
199.99 202.89
202.96 205.06
205.16 208.4
208.5 211.03
211.1 213.24
216.14 219.58
234.39 238.93
245.74 248.77
250.64 253.71
259.15 261.65