4.72 7.56
7.69 11.39
11.46 13.8
13.86 18.77
18.87 22.67
22.74 27.08
27.11 31.85
31.92 35.09
35.19 37.65
37.75 40.36
40.42 42.59
42.73 45.9
46.03 48.6
48.67 51.13
51.23 54.97
55.07 57.47
57.54 61.95
62.01 65.82
65.88 68.85
68.89 72.19
72.29 74.36
74.49 77.63
77.73 79.73
83.77 86.2
86.3 88.2
88.27 91.37
91.44 94.98
95.08 97.51
97.61 99.82
99.92 101.89
101.99 103.15
103.25 105.32
105.39 109.89
119.94 123.41
123.47 127.38
127.48 129.98
131.92 135.12
135.22 137.52
137.59 142.86
142.96 144.86
144.96 146.86
146.93 151.3
151.33 154.4
154.47 157.27
157.34 159.41
159.48 162.08
162.18 165.55
165.62 170.89
170.95 173.32
173.39 178.43
178.53 180.8
180.86 182.9
182.93 184.9
184.97 188.61
188.67 193.14
193.21 196.15