4.14 7.74
7.81 11.18
11.31 14.38
14.45 17.39
17.45 21.09
21.19 24.73
24.83 28.46
28.53 31.27
31.33 34.4
34.47 37.07
37.17 41.08
41.18 43.35
43.45 45.48
48.32 52.06
52.16 53.92
53.99 56.09
56.19 60.9
61.03 63.27
63.33 67.64
67.7 70.17
70.27 73.61
73.71 75.65
75.71 78.82
78.95 83.12
83.19 85.15
85.22 88.59
88.73 92.33
92.4 96.17
96.23 98
98.1 100.37
100.44 103.94
105.21 107.68
107.71 111.01
111.11 113.55
113.62 115.85
115.89 118.89
118.96 122.83
122.96 126.66
126.76 130.97
131.1 133
140.91 143.11
143.18 148.85
148.92 151.85
151.96 155.36
155.49 158.83
158.9 161.23
161.3 166.2
166.3 169.47
190.83 193.26
197.7 201.77
201.91 205.91
206.01 210.78