58.43 61.3
61.4 65.64
65.74 68.24
68.34 70.31
70.38 73.65
73.75 77.68
77.78 81.75
81.82 83.82
83.89 88.46
88.56 91.56
91.6 95.43
99.87 101.81
101.94 103.84
103.88 106.88
106.91 110.68
110.78 113.42
113.49 118.32
118.39 123.5
126.27 128.57
128.67 130.6
130.67 133.34
133.41 136.38
136.41 140.88
140.95 143.55
143.58 145.95
146.02 151.06
151.16 154.76
154.79 157.43
157.5 159.57
159.67 162.53
166.67 168.61
168.74 170.81
170.88 173.01
173.08 175.08
175.15 178.15
181.85 184.09
184.22 186.39
186.49 189.13
189.23 191.43
191.56 193.8
193.87 195.8
195.9 197.77
197.84 202.47
208.05 210.68
210.72 212.48
239.75 242.81