4.01 6.91
7.45 10.42
10.52 12.52
12.62 15.45
15.55 17.49
17.56 20.69
20.79 23.56
23.6 26.23
26.37 30.1
30.2 32.14
32.2 35.57
35.64 39.45
39.51 41.65
41.71 44.72
44.82 49.46
49.52 53.06
53.16 56.66
56.76 59.93
60 62.27
62.37 64.54
64.67 67.07
67.14 69.34
69.38 72.08
72.14 73.88
73.95 76.05
76.15 78.78
78.88 83.36
83.46 86.13
86.23 88.63
88.69 90.76
90.86 93.3
94.8 96.87
96.97 99.54
99.64 102.24
104.04 106.71
106.78 110.12
110.25 112.99
113.05 116.29
116.36 120.06
123.26 125.93
126.03 128.83
145.15 148.82
150.06 154.59
154.69 159.36
159.47 164.1
164.17 169.41
169.51 174.05
174.11 179.18
188.49 192.63
207.05 209.01
209.08 213.25
213.35 217.39
219.43 221.29
221.39 223.76
223.83 226.1
226.17 228.83
228.9 231.37
231.47 233.41
233.47 235.91
236.01 238.08
238.21 240.95
241.05 243.45
243.48 246.55
246.59 251.62
251.66 254.13
254.23 257.1
257.2 259.87
259.97 262.77
262.84 264.74
264.84 267.41
267.51 272.01
272.04 274.58
274.65 277.02