1.94 4.18
4.25 8.22
10.45 12.72
12.75 14.86
14.99 17.49
17.59 19.49
19.56 21.66
21.76 25.97
29.74 33.87
33.94 39.01
39.11 41.25
41.35 45.25
45.85 48.92
57.53 61.17
62.47 64.63
66.87 68.54
69.17 71.35
74.15 76.92
83.73 87.83
87.9 90.47
90.53 92.4
92.47 95.4
95.5 98.47
98.54 102.54
102.64 105.95
106.01 108.78
108.92 112.02
112.09 115.16
115.22 118.29
121.23 123.16
123.23 125.97
126.07 128.47
128.57 131.37
131.47 134.81
134.88 137.55
137.65 141.65
141.72 143.62
143.72 147.26
147.36 149.72
149.82 152.53
152.59 155.23
155.36 159.4