0.31 1.58
1.68 4.41
8.69 11.49
16.79 19.26
22.33 25.07
35.31 37.75
37.81 40.88
41.02 43.85
43.95 46.69
46.79 49.36
49.43 51.33
51.43 53.73
53.8 56.3
56.37 58.24
63.34 66.24
66.31 69.78
69.88 71.82
71.85 74.12
74.22 77.35
77.42 79.96
80.02 83.43
83.49 85.96
86.06 89.2
90.6 94.24
94.3 96.34
96.44 99.54
99.68 104.08
104.18 107.68
107.82 109.72
109.79 112.39
112.49 115.16
115.23 117.76
117.86 121.53
124 129.07
129.14 131.78
131.84 135.21
136.51 139.45
139.52 142.82
142.92 147.09
147.16 150.16
150.26 153.6
153.7 157.27
157.37 161.1
161.2 163.11
163.21 166.04
166.11 169.61
169.75 173.15
173.25 174.72
174.82 178.69
178.76 181.56
181.63 183.56
183.66 188.53
188.6 192.87
192.94 196.11
198.31 201.85
201.95 204.41
204.51 206.82
206.92 208.85
208.92 211.56
211.66 214.09
214.16 216.56
216.63 221.1
221.16 224.57
224.67 227.94
228.04 231.11
231.17 233.91
233.98 236.91
237.01 239.15
239.22 242.35
242.45 245.56
245.62 248.59
248.73 252.23
274.95 278.66
279.16 283.16
283.23 285.13
285.23 287.33
287.4 289.93