2.61 4.82
6.22 8.29
8.39 10.32
10.39 13.69
13.79 16.29
16.43 18.5
18.56 20.5
20.6 22.73
22.87 24.77
24.84 28.41
28.47 31.21
31.28 33.01
35.58 37.82
37.88 40.79
45.19 48.83
48.96 51.6
52.93 55.4
55.53 58.2
58.27 62.54
62.64 67.15
67.25 70.15
70.18 72.12
72.22 75.85
75.95 78.92
79.06 82.89
82.96 85.93
86.03 91.5
91.57 96.24
96.31 98.21
98.31 102.25
102.35 106.35
106.42 109.42
109.52 114.56
117.86 123.07
123.13 126.24
126.37 128.27
128.34 130.74
130.84 134.68
134.75 137.42
137.52 141.42
141.52 143.86
143.96 146.96
147.06 149.73
149.83 152.46
152.53 155.23
155.3 157.74
157.8 161.84
161.91 165.71
165.78 167.75
167.85 170.78
170.88 174.82
174.92 177.02
177.09 181.93
182.03 185.2
185.23 187.47
189.23 191.14
196.91 200.91
201.01 204.05
204.15 208.99
210.72 214.06
214.16 216.69
216.83 223.44
223.5 226.77
226.87 239.12
241.02 244.52
244.62 247.76
247.83 252.9
254.6 257.7
257.77 261.14
261.21 265.68
267.28 270.38
270.48 273.59
273.69 276.72
276.82 282.29
284.03 287.9
288 290.37
290.44 293.04
293.1 296.84
296.91 299.98
300.04 307.09
307.19 309.95
310.06 323.3