1.35 3.32
3.42 5.62
5.69 8.69
8.73 10.66
10.76 14.1
14.2 17
17.07 19.67
19.77 22.27
22.37 24.64
24.71 28.08
28.11 30.45
30.55 32.55
32.65 34.55
34.62 36.62
36.69 38.92
38.99 42.29
42.39 45.63
45.73 48.33
48.4 50.5
50.6 52.54
52.67 55.17
55.27 58.38
58.44 62.25
62.31 65.55
65.68 68.82
68.92 73.16
73.23 78.63
78.76 82.17
82.27 84.87
84.94 89.07
89.11 91.11
91.18 93.08
93.18 95.48
98.05 100.42
100.52 102.82
102.92 105.62
105.72 108.03
108.09 110.63
110.73 112.63
114.27 116.2
117.54 121.17
121.24 125.51
126.68 128.68
130.88 132.82
132.88 135.52
135.62 137.56
137.62 140.59
140.69 142.93
142.99 146.13
146.2 149.23
149.27 152.5
152.57 154.74
159.11 161.55
161.61 164.02
164.12 167.29
167.35 170.16
170.26 172.76
172.86 176.36
182.8 185.27
208.03 210.53
210.66 213.33
213.4 215.4
215.53 217.47
217.5 220.01
220.07 222.71
222.81 224.74
229.78 233.42
236.05 237.96
238.06 240.73
240.83 242.73
242.83 245.3
245.4 249.13
249.23 250.97
251.04 252.94
253.07 254.31
254.37 256.61
256.71 259.31
259.38 262.18
262.28 265.85
265.95 269.12
269.22 272.42
272.52 275.66
275.73 278.33
278.4 281.03