0.87 2.94
3 5.11
5.17 7.11
10.64 13.68
13.78 16.02
16.08 18.59
18.65 21.59
21.65 24.99
25.09 28.09
28.19 31.16
31.23 33.63
33.7 37.6
37.67 40.04
40.11 43.74
43.84 46.18
46.28 49.65
49.75 54.39
54.49 56.76
56.86 58.73
64.36 66.87
68.33 70.84
70.9 74.54
74.64 77.24
81.31 84.65
86.59 89.32
111.91 114.45
114.51 116.52
116.58 120.29
120.39 122.39
122.49 125.66
125.73 128.5
128.6 132.4
132.47 134.73
134.83 136.57
136.64 139.17
141.81 144.34
144.44 147.41
147.51 150.42
150.52 153.99
154.12 156.79
156.86 158.69
158.76 162.56
163.9 166.9
167 169.77
169.84 171.91
172.04 174.61
179.31 181.68
183.88 185.69
187.09 189.39
190.52 192.73
192.79 196.83
196.93 199.2
200.27 203.27
203.37 205.27
210.74 212.41
214.31 217.55
217.68 220.99
244.54 247.45
253.65 256.12
258.66 261.19
261.29 263.86
263.93 265.87
265.97 269.17
269.27 271.4
274.11 276.34
278.91 281.35
285.15 289.56