0.13 2.23
2.34 6.17
6.24 9.18
9.24 11.88
11.94 14.71
14.78 17.15
17.22 19.75
19.82 22.72
22.79 24.86
24.96 26.96
27.06 29.4
29.5 32.37
32.47 37.37
37.44 39.84
39.94 42.01
42.07 44.01
44.11 46.71
46.78 51.38
51.45 55.35
55.45 57.36
57.42 60.16
60.23 64.2
64.3 66.9
66.93 71.07
71.14 74.07
74.14 76.71
76.81 81.18
83.52 85.92
86.02 87.62
87.69 90.76
90.82 93.13
93.19 95.8
95.9 98.93
99 100.93
101.03 102.94
105.34 107.31
109.24 112.08
119.89 123.12
128.33 130.63
130.73 133.03
133.07 137.17
137.24 142.84
142.94 146.98