1.31 3.32
3.42 6.75
6.85 12.59
12.66 16.63
16.7 19.43
19.53 21.47
21.53 23.47
23.57 26.57
26.71 32.24
32.31 35.65
35.68 38.38
38.48 40.99
41.05 42.99
43.09 45.29
49.7 52.33
52.43 56.14
56.24 59.37
59.44 62.64
62.74 65.54
65.64 69.35
69.45 72.15
73.32 75.82
75.92 78.86
78.92 82.63
82.73 86.43
86.53 89.84
89.9 91.87
91.97 94.97
95.11 97.14
97.21 100.88
100.95 105.02
106.05 107.99
109.92 113.16
113.23 116.46
116.53 118.53
118.6 120.77
120.83 123.74
123.8 126.94
127.04 130.64
130.74 134.01
134.08 138.12
138.22 142.02
142.09 146.09
146.19 149.4
149.5 152.36
152.46 156.27
156.34 161.04
164.84 167.51
167.65 169.42
169.52 172.12
172.15 174.42
174.49 178.42
181.56 184.3
184.36 186.93
187 189.34
189.4 191.77
191.84 195.77
195.84 198.44
198.58 201.68
201.71 204.35
204.45 206.79
206.82 208.79
208.82 211.66
211.76 214.96
215.06 216.83
216.9 220
220.03 222.1
222.23 224.57
224.7 227.67
229.88 233.95
234.05 238.05
238.12 240.79
240.85 243.16
243.26 248.03