62.6 65.21
65.27 68.98
74.48 78.25
78.35 80.89
80.96 82.86
82.96 85.29
85.36 87.86
89.6 92.23
92.3 95.2
95.3 97.24
97.31 99.91
100.01 103.61
103.71 106.85
106.92 109.59
109.65 114.42
114.49 117.09
117.16 119.63
119.7 122.4
122.5 126.1
126.13 129.1
129.14 131.11
135.51 138.41
138.48 140.92
140.98 144.22
144.29 145.95
146.02 149.42
149.49 151.89
151.99 153.93
154 156.23
156.33 159.77
159.9 162.77
162.84 164.94
165.01 167.64
167.71 169.85
169.91 174.68
174.75 177.45
177.52 181.82
181.89 184.69
184.76 188.46
189.97 192.2
192.27 194.2
194.3 196.67
196.77 199.91
200.01 204.51
204.61 209.32
209.42 213.12
213.19 216.33
223.87 226.87
226.9 228.84
228.94 231.24
231.34 235.11
235.21 237.21
237.31 240.48
240.58 242.52
242.58 244.52
244.62 246.52
246.59 249.39