23.33 26.36
39.31 41.78
41.85 45.35
45.45 49.09
49.15 53.42
53.49 55.39
55.53 58.03
58.13 61
61.1 64.64
64.74 67.51
67.57 69.61
69.67 75.01
75.08 77.42
77.52 80.95
80.99 84.42
84.52 86.66
86.72 89.76
89.83 91.5
91.56 94.8
106.18 108.65
108.75 113.08
113.15 115.52
115.59 119.36
119.42 121.29
121.36 124.8
124.83 127.43
127.53 130.9
131 134.67
134.74 138.31
138.38 141.38
141.48 145.15
145.18 149.49
149.55 153.16
153.29 158.23
158.33 160.57
160.63 164.1
164.17 166.54
166.6 170.68
170.74 173.48
173.58 177.02
177.12 180.82
180.95 183.59
183.69 185.76
185.86 188.36
188.46 190.5
190.56 193.73
193.83 197.87
197.97 200.41
200.51 204.01
204.11 206.24
206.34 207.68
207.75 209.88
209.98 212.05
212.12 215.85
215.95 220.66
220.76 224.6
224.63 227.97
228.07 230.23
230.34 233.07
233.17 235.41
235.51 237.41
237.51 241.58
241.68 245.85
245.92 248.12
248.22 252.09