1.2 4.2
4.27 6.31
6.41 10.51
10.64 12.71
12.75 16.18
20.45 22.39
22.49 25.36
26.99 30.5
30.56 33.43
33.5 37.4
67.94 69.54
71.94 74.27
76.84 80.95
94.33 97.8
97.87 101.3
101.34 105.27
105.34 108.94
109.01 113.55
113.65 117.25
117.35 120.79
120.85 124.29
128.06 132.27
132.33 135
137.44 139.84
139.91 144.04
144.08 146.51
146.58 148.95
149.02 150.95
151.05 156.56
156.62 160.66
160.76 164.1
164.2 168.4
168.47 171.61
171.71 174.54
174.64 179.98
185.15 187.59
191.26 193.19
193.29 196.56
196.63 201.17
201.3 203.74
203.8 206.74
206.84 211.55
211.61 215.55
215.62 217.92
218.02 221.69
221.76 223.02
223.09 227.59
227.63 229.7
237.54 241.91
242.04 246.05
246.11 248.95
248.98 251.25
251.32 255.26
255.32 259.13
259.19 259.93
259.96 261.62
261.66 265.37
265.47 267.74
267.8 270.34
270.37 272.44
272.51 274.61
274.71 276.61
276.68 279.31
279.45 282.55
282.62 284.08
284.15 286.82
286.92 290.59
290.69 293.13
296.26 301.5
301.57 304.34
304.44 306.81
313.28 315.22
315.32 318.92
318.99 324.16
324.29 328.13
328.23 332.53
332.63 337
337.07 340.31
340.41 342.84
342.91 345.55
345.65 347.71
347.75 351.59
351.65 354.39
354.46 357.19
357.29 360.53
363.6 367.57
367.9 370.2