2.19 4.86
4.93 8.06
8.16 12.47
12.57 16.1
16.2 18.14
18.21 21.01
21.11 23.05
23.11 25.31
25.45 27.52
27.58 31.25
31.35 33.46
33.56 36.19
36.26 40.06
40.13 42.86
42.93 49.1
49.17 51.47
51.57 55.01
55.04 57.05
57.11 59.45
59.55 62.88
62.95 65.35
67.26 70.86
70.96 74.36
74.4 77.07
77.13 81.07
81.14 84.81
86.68 90.05
90.15 92.05
92.11 94.05
94.15 96.89
96.95 99.76
99.79 102.72
102.86 104.79
108.63 113.04
113.1 115.3
115.4 118.07
118.14 121.11
125.48 131.39
131.45 133.99
134.06 139.56
139.59 142.06
142.16 146.07
146.17 150.07
150.17 153.11
154.21 157.11
158.21 160.28
160.38 162.85
162.92 166.72
166.82 170.53
170.59 173.33
173.4 176.6
176.67 180.77
180.84 182.8
200.82 204.16
207.3 212
212.1 214
214.07 217.71
217.77 221.14
221.21 225.31
225.38 228.08
228.12 232.75
232.82 236.86
236.96 239.59
239.7 244.27
244.33 246.27
246.37 249.54
249.64 254.21
254.28 257.68
257.75 261.55
261.68 264.55
264.65 268.19
268.29 271.06
271.13 273.56
273.66 276.77
276.83 280.7
280.8 283.91
283.97 287.34
287.44 289.75
289.85 292.98
293.05 297.32
297.35 299.86
299.99 303.99
307.36 309.56
309.67 312.47
312.53 316.31
316.37 319.27