14.34 16.27
16.34 19.68
19.71 23.25
23.35 26.75
26.85 30.05
30.15 32.19
32.25 34.92
34.96 38.46
38.53 42.53
42.63 45.97
46.04 48.57
48.64 51.41
51.47 54.14
54.21 59.08
59.18 62.75
62.85 66.76
66.86 69.86
69.99 71.93
76.47 78.4
78.5 81.27
81.37 85.94
88.94 92.45
92.51 96.82
110.37 112.64
124.28 126.32
129.55 134.76
148.77 153.38
162.08 165.49
165.55 169.19
169.33 173.13
173.2 177.33
177.47 179.94
180 184.77
184.84 189.35
189.41 193.22
193.32 195.65
195.75 198.55
198.69 201.02
201.16 205.06
205.19 207.1
207.16 210.93
211.03 212.94