30.77 32.23
32.3 34.24
34.34 35.94
36.01 41.34
41.48 43.45
43.55 45.55
45.65 47.88
47.98 51.69
51.75 56.13
56.19 58.26
58.36 61.73
61.86 64.63
64.7 68.97
69 71.94
72.01 74.74
74.88 77.31
77.38 80.65
80.72 85.15
85.22 87.16
87.26 90.93
90.99 95.76
96.9 98.9
102.91 104.71
104.81 107.28
107.38 109.95
110.05 112.31
112.38 114.45
114.55 116.85
116.89 120.49
120.56 122.99
123.09 125.13
125.19 128.43
128.5 130.93
131 133.37
133.5 137.71
137.77 140.34
140.41 143.95
144.01 147.48
147.55 149.89
149.95 153.49
153.52 155.99
156.06 159.33
159.43 163.57
163.67 167.84
167.94 170.34
170.44 173.01
173.08 176.51
176.58 180.38
180.48 183.22
210.11 212.05
212.15 215.89
221.16 222.79
251.45 253.39
254.49 257.06
310.65 315.35