2.92 4.15
4.49 5.58
5.66 8.65
10.53 12.12
12.76 14.13
14.27 15.36
15.43 17.9
20.17 21.33
21.41 23.03
23.11 24.73
24.81 25.9
25.98 28.11
28.58 29.91
31.85 37.29
37.59 39.61
40.66 41.78
41.86 45.19
45.6 48.12
50.5 53.06
53.14 56.13
56.77 57.94
58.01 59.38
62.95 64.35
64.42 70.15
70.22 73.92
73.99 77.59
77.66 82.33
84.94 88.43
90.57 93.24
94.81 96.64
102.72 105.71
105.79 107.49
107.56 108.75
108.83 110.09
110.16 111.29
111.96 113.23
115.7 118.83
118.9 120.96
121.04 125.41
125.58 126.77
127.11 128.67
128.75 134.34
134.55 137.61
137.89 140.86
142.23 143.35
143.93 145.99
146.06 149.16
149.23 153.23