29.23 30.53
35.17 38.08
38.71 41.27
41.35 44.08
44.15 46.28
46.35 48.68
59.96 62.76
62.83 66.5
67.24 69.3
69.37 73.07
73.14 75.11
75.18 77.84
77.92 79.14
81.75 83.52
91.1 93.22
93.73 96.72
96.8 101.1
101.17 103.77
104.01 105.98
106.04 110.85
110.92 114.01
114.09 117.38
117.66 120.82
121.59 123.75
124.93 128.09
128.17 132.9
133.97 137.96
141.31 142.71
143.45 144.91
144.98 148.01
148.09 150.65
151.22 154.95
155.03 158.26
158.33 161.66
162 168
168.07 170.51
170.58 175.14
175.21 176.51
176.58 179.57
179.65 181.74
181.82 185.26
185.32 186.38
186.46 187.55
187.63 189.92
190 192.46
192.53 195.09
195.17 197.46
197.54 198.7
199.9 203.2
204.28 207.54
207.61 209.81
209.88 211.78
211.85 212.84