0.51 2.42
2.48 5.04
5.12 7.31
7.39 10.05
10.12 14.32
14.4 15.59
15.66 18.36
18.43 23.5
23.57 24.94
27.11 31.88
34.05 35.31
36.18 40.59
41.56 44.65
44.99 46.12
46.19 47.53
47.59 50.22
53.87 57.74
60.38 63.04
71.89 73.22
75.52 77.32
77.42 79.39
80.06 81.29
83.3 84.89
90.74 92.17
97.31 99.18
99.38 100.4
100.48 101.64
103.45 108.39
109.22 111.49
111.56 115.29
115.36 118.7
119.7 123.43
124.17 127.2
127.67 128.94
130.81 132.04
133.08 134.81
142.36 144.32
154.74 156.6
171.45 172.68
172.75 173.81
175.36 176.95
192.67 196.37
196.91 200.87
216.9 221.1
221.17 222.53
222.6 223.76
223.84 229.24
229.78 232.01
232.98 233.97