8.57 9.9
20.65 22.11
26.19 29.49
29.56 32.92
32.99 35.48
35.56 37.19
37.26 40.13
40.2 42.19
42.27 45.33
45.74 49.18
49.24 52.04
56.45 57.97
60.92 61.98
62.05 63.68
77.94 81.4
81.51 82.84
94.19 95.42
95.49 101.19
101.83 103.39
105.4 107.33
107.4 110.03
114.44 116.64
116.71 120.48
121.05 123.35
123.42 127.75
128.32 132.78
132.86 135.92
136 140.23
141.53 143.33
156.45 160.58
160.65 162.38
162.86 167.62
167.69 169.56
169.63 172.46
172.53 174.5
174.57 175.59
175.67 180.57
181.14 183.23
186.55 188.04
188.98 190.95