7 8.72
10.87 12.7
32.82 34.19
40.23 41.82
48.4 50.43
50.5 54.46
54.54 58.27
58.35 62.34
62.42 66.58
66.89 68.55
79.3 80.63
80.7 84.73
84.81 88.37
88.44 94.01
94.08 99.25
99.39 100.95
104.46 108.99
109.06 112.83
112.9 114.89
114.97 117.13
117.21 119.33
119.41 121.74
121.81 123.97
124.05 127.54
127.62 130.45
130.52 132.28
132.35 135.48
141.13 143.19
160.08 161.64
161.72 165.28
165.35 168.65
183.07 184.44
184.51 185.77
188.38 194.01
194.08 196.21
196.28 200.69
200.76 203.49
204.66 208.42
209.5 210.76
210.83 213.49
213.57 215.26
215.34 218.67
222.34 223.9
234.46 235.58
240.9 242.45
242.53 243.9