1.94 3.53
3.61 5.33
5.41 8.6
8.68 11.04
11.11 15.74
15.82 17.34
17.42 19.61
19.69 21.12
21.19 22.85
33.2 36.26
36.74 38.33
38.41 42.14
42.21 44.77
44.85 47.58
51.92 54.11
59.99 61.82
62.66 68.4
68.84 69.96
70.04 71.97
72.04 75.17
75.24 78.37
78.45 80.24
80.32 81.37
82.58 86.25
87.39 89.58
89.66 92.02
92.09 94.19
94.26 96.82
96.9 97.96
98.03 101.06
101.13 104.16
104.24 107
107.07 110.1
111.48 114.47
114.55 117.81
135.27 138.53
139.81 142.17
142.58 144.44
144.51 145.74
145.81 147.97
148.05 150.11
150.18 154.92
154.99 156.18
161.43 163.66
163.73 164.72
164.8 166.23
166.3 167.63
167.7 169.46
169.54 171.09
171.17 173.27