7.33 9.63
10.24 11.26
11.34 14.5
24.02 26.75
31.26 32.59
33.43 36.23
36.83 40.36
40.43 42.66
47.21 49.64
49.71 52.84
52.91 54.81
54.88 59.32
59.39 60.65
60.72 61.95
82.31 83.61
84.21 86.91
87.38 91.41
93.09 94.21
94.29 97.66
97.73 99.72
99.79 102.23
102.3 105.63
105.7 108.6
109.07 112.04
112.11 114.58
114.64 119.27
119.61 123.57
124.05 126.68
126.99 128.58
134.16 135.15
136.03 140.93
142.9 144.93
145.01 146.23
146.31 147.47
147.54 148.77
150.95 152.34
153.38 155.87
157.12 158.61
159.09 160.35
165.23 168.09
168.16 171.1
174.04 175.4