29.52 34.48
36.19 37.35
38.02 39.25
39.33 43.23
44.56 48.02
49.9 51.5
51.57 56.37
56.78 59.04
60.78 63.18
63.25 65.81
65.89 70.05
71.02 72.05
73.39 76.16
78.1 79.33
80.6 82.07
84.57 85.56
85.64 86.7
86.77 90.47
93.91 97.71
99.29 100.69
100.82 102.75
106.66 108.29
108.6 109.76
109.83 111.26
111.87 116.96
118.47 121.53
132.95 134.35
135.66 138.45
138.53 141.65
143.2 145.19
145.27 146.79
147.87 152.7
153.27 156.33
156.98 160.11
160.18 163.15
163.22 165.48
165.55 167.99
168.72 171.89
175.4 177.73
178.13 180.33
180.4 183.73
186.81 190.8
191.65 194.04
195.52 198.35
199.19 202.18
202.26 204.31
204.89 206.69
206.76 209.49
209.56 213.09
215.2 216.4
216.57 217.83
218.64 219.87
220.21 223.2
225.61 226.77
228.42 229.68
230.02 231.92
238.19 240.13
245.23 246.63
247.13 249.47
249.54 250.8
252.77 254.07
254.34 255.6
257.51 259.81
265.22 269.09
270.99 272.46
272.86 274.23
278.67 280.83
289.11 291.3