1.71 3.17
5.58 7.54
8.35 9.87
11.21 12.54
13.25 15.27
17.19 18.25
18.32 19.38
19.46 20.85
20.96 22.32
23.63 26.46
27.66 30.76
31.07 32.26
32.33 36.77
37.07 38.2
38.27 41.64
41.71 45.27
45.35 48.08
48.15 52.28
52.35 56.76
56.83 61.2
62.63 64.76
64.83 65.89
70.47 72
74.24 76.61
76.68 79.55
79.62 83.28
83.79 84.91
84.99 88.48
88.83 91.23
92.73 95.42
95.5 98.66
98.73 102.14
102.21 106.14
106.21 108.84
108.91 113.94
114.62 115.68
115.75 119.05
119.12 122.02
122.09 126.79
126.86 128.76
128.83 131.67
131.73 133.17
133.24 135.03
135.47 137.2
137.27 139.61
139.68 143.54
144.95 146.31
152.86 153.98
154.06 156.55
158.86 159.92
160 162.02
162.1 165.07
165.14 167
170.41 172.03
173.51 174.77
174.84 178.01
178.08 180.05
180.12 182.68
182.75 184.91
184.99 187.15
187.22 190.71
190.79 194.46
194.53 196.5
196.57 201.37
202.11 203.5
204.57 207.81
208.61 211.17
211.25 213.74
216.89 218.65
218.72 219.95
220.59 222.11
232.6 234.47
236.04 238.6
238.67 240.97
241.04 244.07
244.15 246.31
246.38 248.82
248.89 250.68
250.75 251.91
251.99 252.98
253.06 254.08
254.16 255.28
282.95 284.54
285.49 287.08
289.56 290.72
291.43 293.52