1.29 3.35
3.86 6.62
6.69 7.85
9.76 10.92
11 14.33
15.33 16.53
17.44 18.99
20.21 21.67
21.74 25.77
25.85 28.84
28.92 31.31
31.38 34.32
34.39 36.41
37.22 40.06
45.87 47.7
49.13 50.4
56.11 60.04
60.11 61.27
61.35 64.91
65.22 69.38
70.89 72.72
72.93 74.15
75.06 76.22
76.3 77.82
77.9 78.96
79.03 80.22
80.3 81.82
84.6 86.23
87.87 89.81
90.68 93.08
104.49 107.19
108.03 111.52
111.9 113.33
113.4 115.49
115.57 118.9
119.8 122.83
123.31 124.9
125.48 126.77
126.85 129.51
131.12 132.24
132.48 134.82
134.89 138.85
139.33 140.79
141.06 143.96
144.26 145.42
145.56 149.13
149.2 151.8
151.87 153.46
153.54 156.27
156.34 157.54
157.84 159.1
159.91 162.04
162.68 164.44
165.25 169.12
169.19 172.62
174.36 176.09
176.19 177.89
179.9 181.73
182.84 184.17
185.1 186.54
186.77 188.03
192.44 193.78
194.71 197.81