7.82 10.25
37.28 38.44
41.29 42.31
42.39 43.58
44.12 45.71
83.16 84.72
86.5 87.55
87.63 88.72
88.8 90.79
90.87 91.99
92.07 93.3
93.37 94.8
94.87 96
96.07 97.44
97.51 99.07
99.14 100.2
100.28 102.11
102.18 103.34
104.98 106.11
106.18 108.65
108.72 110.28
117.83 121.46
137.91 139.58
140.42 144.32
146.49 147.58
161.24 164.94
165.01 166.57
167.78 171.77
173.22 174.55
174.99 178.51
181.56 186.29
186.36 192.06
192.54 197.2
205.85 211.48
212.82 214.41
215.26 217.23
217.29 219.85
220.5 222.46
222.53 225.06
225.13 229.63
230.84 232
235.04 236.17
244.32 245.45
245.52 246.92
247.82 249.05
253.93 255.02
255.6 256.69
261.3 263.17
263.91 264.96