1.03 4.22
4.3 6.16
6.23 7.6
9.1 10.57
17.14 18.27
20.18 21.24
21.31 23.84
25.12 26.28
26.49 27.58
27.99 29.72
32.59 33.99
35.39 37.3
42.34 46.27
46.34 48.5
52.38 53.64
58.95 60.32
65.93 68.72
68.8 70.13
72 73.26
75.2 76.36
76.44 78.1
78.54 80.03
88.68 91.15
92.05 95.65
95.72 98.52
98.59 100.06
102.93 104.05
104.3 105.92
118.31 119.57
128.59 129.61
129.69 131.12
131.19 133.42
133.49 134.52
134.59 138.72
138.8 141.63
141.7 142.83
142.9 145.53
145.6 147.27
147.34 149.81
149.88 153.84
153.91 156.97
157.52 159.95
160.02 162.61
162.69 165.09