5.35 6.94
11.59 12.82
14.56 16.08
21.37 22.66
22.73 24
43.89 45.15
46.79 47.85
48.79 49.85
49.93 51.05
53.7 56.93
58.8 62.26
64.94 66.57
68.71 71.08
71.15 72.24
72.32 74.91
75.09 76.42
79.12 80.22
84.23 85.39
85.46 87.09
87.27 88.42
96.84 97.97
98.04 102.41
102.48 105.57
105.65 109.31
109.39 110.44
110.52 115.36
115.43 119.19
119.26 121.39
121.47 125.46
125.54 127.83
128.07 129.2
129.27 134.54
134.91 137.38
137.45 138.51
141.55 142.54
142.62 143.71
143.79 147.16
147.23 150.72
151.1 152.15
153.5 155.23
155.3 159.63
160.07 161.54
161.61 166.07
166.74 168.91
169.28 172.61
172.68 175.78
176.19 179.31
179.39 183.62
183.69 186.09
186.16 187.19
187.27 188.89
190 192.6
192.67 197.13
197.64 199.54
200.48 202.84
203.28 204.68
206.62 210.14
211.19 213.59
214.19 217.49
217.56 218.96
219.03 220.16
225.27 226.6