9.02 10.25
14.83 17.59
17.67 18.93
19.44 20.9
21.84 23.31
23.37 24.43
24.81 28.61
28.68 31.91
32.32 35.75
35.82 37.75
37.82 41.69
41.93 45.33
45.4 46.99
47.06 50.23
50.3 53.1
53.17 56.76
56.84 59.36
60.21 63.67
65.18 68.38
68.45 70.58
70.65 71.95
73.42 74.65
75.22 78.56
78.8 80.35
80.43 83.36
87.84 90.64
94.68 95.74
96.45 100.82
102.89 105.35
105.42 108.26
108.56 109.62
109.76 112.82
112.9 116.39
116.77 118.56
118.64 119.69
122.24 123.36
124.24 126.71
128.74 129.8
129.88 133.91
134.28 137.12
137.19 140.99
141.06 144.55
146.66 147.82
147.9 149.26