7.05 8.54
8.62 14.06
14.23 15.92
17.53 18.79
22.23 23.6
25.04 26.3
26.37 29.57
30.78 34.47
34.55 36.31
43.92 44.95
45.03 48.46
50.36 51.99
52.57 55.23
55.54 57.13
71.68 74.98
75.56 76.85
76.92 79.48
79.56 81.29
81.36 84.19
84.6 86.07
86.13 89.97
92.81 95
95.08 98.91
100.11 102.14
102.48 103.95
104.02 106.82
106.89 109.95
110.82 114.06
114.86 119.96
120.03 122
122.07 126.47
127.71 128.8
128.88 130.67
130.74 133.14
133.21 135.51
143.92 145.41
145.63 148.03
148.09 150.82
150.9 153.53
160.51 162.87
162.94 164.88
164.94 167.74
167.81 170.84
170.92 174.01
177.09 178.45
179.23 180.56
184.5 185.56
190.67 192.83