6.14 7.6
7.85 9.98
10.65 13.73
19.49 21.49
49.98 50.98
54.73 56.03
58.86 60.95
62.7 66.41
67.16 68.54
69.16 70.87
73.25 74.38
82.26 84.09
85.05 86.31
101.32 102.32
104.57 109.08
112.33 113.37
115.75 117.84
120.26 121.76
121.88 125.18
126.01 127.47
127.6 129.1
129.77 131.43
131.6 133.81
134.6 135.77
136.44 139.4
139.48 141.11
141.24 142.19
142.28 144.36
144.95 146.24
146.32 148.2
149.45 150.83
150.95 152.37
152.46 154.46
157.04 158.42
158.71 160.3
160.42 161.55
161.76 164.43
164.51 166.59
166.68 169.14
169.39 170.56
170.64 171.97
172.06 173.64
173.89 175.14
175.23 176.23
178.15 179.61
179.69 180.9
180.98 182.32
182.44 183.82
183.9 186.24
186.32 187.45
187.53 190.66
190.74 192.58
192.66 195.62
195.83 197.79
197.87 199.04
199.5 200.5
201.21 203.63
203.71 205.01
205.17 207.55
207.68 208.8
217.77 221.07