0.57 2.28
2.78 4.95
5.08 6.62
7.62 9.21
9.38 10.42
10.54 12.34
12.42 14.38
14.84 15.92
16.05 17.84
18.84 19.93
20.18 22.43
22.51 23.6
23.68 27.44
27.52 30.23
30.48 31.52
32.27 33.32
33.48 34.57
34.94 36.23
36.32 38.15
38.28 39.41
39.61 41.49
41.87 43.45
43.53 45.62
45.74 49.21
51.25 52.25
52.54 55.13
55.3 56.8
57.59 62.01
62.14 64.76
64.85 67.56
68.68 70.48
70.77 71.94
73.15 74.32
74.44 75.86
75.98 78.49
78.61 81.95
82.07 84.28
84.49 85.7
85.99 86.99
87.12 88.25
88.45 89.46
89.83 90.83
91 92.5
92.63 94.59
96.25 97.8
97.88 99.51
99.67 100.67
100.8 102.18
102.3 103.64
104.34 105.8
105.89 107.76
108.01 109.18
109.31 110.43
110.52 111.6
111.81 114.11
114.19 115.94
116.02 117.32
117.4 118.44
123.61 124.7
124.78 126.87
127.03 128.49
128.58 130.71
130.91 132.42
132.58 136.09
136.54 138.5
138.67 140.05
140.13 141.13
141.26 142.26
142.38 144.88
144.97 146.43
146.64 147.85
148.01 149.1
149.18 151.06
151.18 152.56
152.64 153.64
153.73 154.73
154.9 156.4
156.56 158.07
159.73 160.74
160.82 162.19
162.57 163.61
163.7 165.91
166.36 167.41
167.53 169.45
169.58 170.58
170.83 172.08
172.29 173.33
173.46 174.5
174.58 176.71
176.88 178.5
178.59 179.71
179.84 181.42
181.51 183.76
183.88 185.93
186.09 188.01
188.3 189.3
189.43 191.81
192.1 193.31
193.43 195.14
195.23 196.27
196.35 197.36
197.61 199.02
199.23 200.57
201.82 203.28
203.44 204.94
205.07 206.15
209.45 211.16
222.46 224.13
225.97 227.38
230.22 234.56
235.1 236.39
236.48 237.98
238.1 239.19