2.5 4.71
5.25 9.75
10.92 12.09
12.46 15.43
15.55 16.55
17.8 19.43
19.51 20.51
20.77 23.14
23.43 25.44
26.02 27.52
27.73 28.9
30.15 31.15
31.27 32.44
38.03 39.2
41.41 42.54
43.37 46.17
46.29 48.12
48.21 49.21
49.63 50.79
50.92 52.46
52.63 54.42
55.09 56.13
56.22 57.84
57.97 60.51
60.64 63.1
63.22 65.64
65.81 67.23
67.31 68.56
68.65 70.65
70.81 73.36
73.65 75.53
75.65 77.15
77.28 79.41
79.49 82.49
82.62 84.87
85 86.33
86.41 87.83
88.08 89.71
89.83 92
92.17 94.5
94.59 97.17
97.26 98.51
98.59 100.18
100.3 101.68
101.8 103.26
103.39 105.43
105.77 107.18
107.31 108.56
108.69 109.9
110.02 111.35
111.52 112.81
113.4 115.65
115.73 118.28
118.36 123.03
123.33 124.45
124.62 125.7
127.33 128.79
128.87 130.25
130.37 132.04
132.33 133.71
133.79 135.21
135.38 136.38
136.46 139.88
140.01 142.34
142.72 143.8
144.22 146.35
146.68 148.73
148.85 150.56
150.9 152.19
152.27 154.36
154.44 156.65
156.73 158.44
158.57 160.65
160.74 161.91
162.36 163.49
163.7 165.24
165.33 166.83
166.91 168.25
168.79 170.41
170.5 172.04
174.38 175.38
175.79 177.55
178.88 180.09
180.26 183.09
183.47 185.26
185.39 186.43
186.56 188.1
188.35 190.39
190.98 191.98
192.1 193.9
193.98 196.56
196.65 198.32
198.44 199.44
201.03 203.36
203.74 205.87
206.45 208.99
209.25 210.37
210.58 212.16
212.29 213.87
214.04 215.96
216.08 218.13
218.25 219.3
219.42 222.17
222.34 225.97
227.14 229.97
230.18 231.98
232.43 234.31
234.44 235.98
237.06 239.44
239.52 241.48
241.65 243.03
243.24 244.4
244.65 246.53
246.7 248.33