0.17 2
2.25 3.63
16.06 17.73
17.85 19.06
19.19 20.85
21.15 23.06
23.19 24.36
24.44 25.57
25.82 28.36
28.44 29.65
29.74 30.82
31.28 33.16
33.32 34.58
34.7 36.7
36.91 39.41
39.62 42.79
43.08 44.59
44.71 46.84
46.92 48.63
48.76 49.8
49.92 53.01
53.26 54.72
54.89 56.26
56.6 58.68
59.39 60.89
61.65 62.65
62.85 63.94
64.61 65.65
65.73 67.23
67.32 68.94
69.07 71.24
71.49 73.11
73.2 75.45
75.57 77.66
78.33 79.7
81.37 84.71
84.79 85.79
86.17 88.46
88.63 89.84
92.09 93.34
93.88 95.72
95.8 97.35
97.47 98.68
99.14 100.39
101.23 104.4
108.02 109.03
113.61 114.74
115.57 117.32
119.08 121.87
122 124.83
125 126.84
127.04 128.09
128.42 130.42
130.5 132.01
132.17 133.51
133.67 135.18
135.3 137.05
137.34 139.39
139.51 141.31
142.27 143.56
143.69 144.98
147.52 149.82
150.07 151.03
151.19 152.23
152.36 154.61
154.74 157.49
157.62 159.45
159.53 160.58
160.66 162.62
162.7 165.67
166.58 167.83
167.92 171.05
171.38 174.09
174.21 175.88
175.97 178.14
178.22 179.76
179.89 181.77
181.89 184.31
185.39 186.52
186.73 189.56
189.65 191.52
192.11 195.49
195.74 197.86
197.95 199.62
200.03 201.87
201.99 203.66
203.75 206.21
207.37 208.79
209.29 211.34
211.46 213.75
216.84 217.97
218.22 219.34
219.64 221.14
221.3 223.31
223.52 224.77
225.23 227.6
227.69 228.94
229.02 229.77
230.94 231.94