0.92 4.17
4.59 5.84
6.05 7.59
7.67 8.84
9.05 10.55
10.68 11.93
12.09 13.18
13.3 15.1
15.18 16.81
16.93 18.52
18.81 19.98
20.06 21.48
21.56 22.9
28.82 29.86
29.99 32.95
33.28 34.28
34.41 35.95
36.37 37.91
38.08 39.87
40.5 41.75
44.83 46.75
48.09 49.09
52.22 53.63
53.84 55.8
55.89 57.51
57.6 58.64
58.72 60.35
60.98 62.35
62.48 64.02
64.77 65.77
67.23 69.36
72.4 73.9
76.03 77.87
78.04 79.37
79.49 80.79
80.87 82.96
83.04 84.92
85.13 86.13
87.17 88.75
89.05 90.46
92.67 93.84
96.72 97.76
100.93 105.1
105.44 106.48
106.6 107.81
107.9 109.57
109.65 110.69
110.78 112.4
112.78 113.78
113.9 115.28
115.4 117.7
117.87 120.24
120.37 121.95
122.08 123.71
126.58 129.21
131.05 132.25
133.01 135.09
135.22 137.72
137.84 139.39
139.51 141.1
145.77 149.44
149.52 151.02
152.61 153.61
153.73 155.24
156.9 158.91
165.16 168.58
168.79 170.58
170.71 171.92
172.21 174.46
175.51 178.09
178.22 180.3
182.06 183.31
183.39 185.06
186.56 187.6
187.73 191.69
191.9 195.03
196.9 198.61
199.7 201.49
202.37 203.99
204.29 206.33
206.41 207.41
207.54 209.17
209.88 212.42
212.75 214.71
214.88 216.51
216.63 218.42
218.67 219.76
219.84 222.22
222.76 226.27
227.31 229.19
230.98 232.15
235.02 236.03
236.48 237.61
241.87 242.99
244.7 247.62
254.21 255.38
255.54 257.59
257.76 258.92
259.05 260.84
261.22 262.47