0.17 1.17
9.05 12.59
13.76 17.14
17.27 19.43
21.9 22.9
24.23 25.32
25.44 26.86
26.94 29.78
29.86 30.91
30.99 32.86
33.2 34.91
35.08 37.04
39.25 40.25
42.25 43.38
45.04 46.55
47.88 50.43
51.18 52.59
53.8 54.93
56.14 57.97
58.56 59.81
60.14 62.15
62.52 63.81
63.94 65.11
65.23 68.28
68.36 69.4
69.61 71.36
71.65 72.91
72.99 75.49
75.74 76.87
76.99 78.29
78.49 80.79
80.87 82.37
82.58 84.67
84.83 86.96
87.17 88.8
88.88 89.88
91.59 93.26
93.34 95.22
95.68 97.14
97.35 99.81
99.89 102.02
102.31 103.85
103.94 106.86
106.94 108.86
115.32 116.37
121.29 122.83
123 125.21
125.54 127.21
127.29 129.17
129.25 130.51
130.96 133.72
133.88 135.43
137.22 138.3
138.6 140.43