4.67 6.92
7.13 9.67
9.92 11.71
11.8 13.47
14.59 16.93
20.1 21.97
22.1 23.1
23.22 25.77
25.94 27.23
27.31 28.56
30.32 32.32
32.44 33.44
35.49 37.07
37.16 38.36
40.66 42.29
42.41 43.54
43.62 45.33
45.46 46.79
46.92 48.33
48.46 49.46
49.59 51.63
52.09 53.8
53.92 55.42
56.01 57.01
57.38 59.22
59.3 62.14
62.26 63.85
63.97 65.64
65.77 67.27
67.35 69.15
69.31 70.48
70.61 72.73
72.86 74.15
74.28 76.07
76.15 78.07
78.15 79.24
79.32 80.36
80.95 83.16
83.33 84.41
84.7 87.33
89.58 92.25
92.34 93.67
93.8 95.92
96.05 97.34
98.09 99.68
99.8 101.09
101.84 105.1
105.18 106.89
107.02 108.73
109.48 113.57
114.23 115.69
115.82 117.19
119.03 120.78
120.99 122.53
122.62 125.45
126.2 128
130 131
131.12 132.29
132.38 133.67
133.75 134.75
135.17 136.59
136.71 138.92
139.05 141.05
141.26 143.22
143.34 144.39
144.51 145.97
146.14 147.56
147.64 149.39
149.93 152.23
158.69 160.07
160.86 162.66
162.74 164.37
164.66 165.74
167.2 168.37
168.45 170.37
172.12 173.17
173.25 174.5
176.46 178.21
178.3 180.63
181.17 183.43
185.26 187.72
188.89 190.35
190.81 191.93
192.06 193.35
193.44 195.06
195.15 196.15
196.86 199.11
199.19 200.19
201.53 202.53
202.61 204.32
205.03 206.78
208.24 209.29
210.7 211.87
213.71 215.75
215.88 217.59
217.75 218.92
219.05 220.88