0.29 3.17
3.79 5.29
5.46 7.46
7.59 9.3
9.42 11.38
11.47 13.3
13.39 14.47
14.72 15.81
18.06 19.14
19.27 20.44
20.52 22.52
27.78 28.78
28.86 30.03
30.15 31.2
31.32 32.74
33.57 34.57
34.66 36.7
36.79 39
39.08 40.83
40.96 42.25
42.33 43.83
44.33 46.42
47.63 48.84
48.92 50.42
52.42 54.14
54.51 55.64
59.68 60.85
60.93 62.81
62.89 63.94
66.15 67.65
68.19 69.53
70.44 71.86
72.03 73.03
73.36 74.36
74.49 75.99
76.2 77.7
84.71 85.87
86.58 87.58
87.71 88.75
88.88 89.88
90.38 91.3
93.55 95.55
101.89 103.06
105.64 107.56
107.9 109.9
111.07 113.24
115.95 117.24
117.7 119.37
131.71 132.96
133.17 134.46
134.59 136.59
137.8 138.85
138.93 140.26
145.52 146.64
149.35 150.81
154.44 156.7
157.36 159.57
159.66 161.37
161.49 162.58
164.08 165.33
165.71 166.79
172.96 174.17
175.13 176.13
184.77 185.89
185.98 189.31
189.39 191.15
191.23 193.86
194.11 195.23
195.32 197.03
197.15 199.07
199.16 200.32
200.45 201.82
202.12 203.62
203.79 205.12
205.83 207.66
207.91 209.17
209.33 210.83
210.92 212
212.21 213.29
214.38 216.05
219.09 220.47
226.72 227.77
231.31 233.52
233.65 234.65
235.86 236.94
237.36 238.19
238.28 239.86
241.24 242.49
246.7 248.75
249.66 251.71
252.04 253.04
253.42 254.88
254.96 256.25