0.83 3.29
3.46 5.88
5.96 9.26
9.34 11.43
11.51 12.63
12.8 14.64
15.55 16.8
17.68 19.56
19.64 20.93
21.48 22.52
22.9 24.27
24.69 25.77
26.27 27.65
40.5 42.37
42.79 45.29
45.38 46.42
46.5 48.38
48.5 49.8
49.96 51.34
53.55 55.38
55.55 57.6
58.01 59.97
60.06 62.81
64.52 65.69
65.77 67.86
68.19 69.65
69.9 71.36
74.53 76.45
76.53 78.41
78.57 80.58
80.7 81.79
81.87 83.2
83.5 84.62
84.79 85.96
86.04 87.25
87.63 89.09
90.71 92.67
93.17 95.01
95.38 96.47
96.88 97.89
98.47 99.55
100.72 102.89
103.22 104.23
104.35 105.73
106.23 107.4
107.9 110.27
110.4 111.69
111.82 114.4
114.74 116.28
116.41 118.41
118.82 121.16
121.91 123.41
123.7 125.75
126.29 128.33
128.42 130.75
130.84 132.59
132.67 134.38
134.46 136.59
138.43 141.01
142.1 145.27
146.1 147.14
149.19 150.48
153.28 155.28
160.24 161.45
168.71 170.92
174.96 175.96
181.39 184.31
184.97 186.27
188.18 189.19
189.69 190.81
194.32 195.61
199.15 200.16
206.74 207.91
211.67 213.34
214.04 215.46
215.59 217.34
229.64 230.81
231.48 233.94
234.06 236.73
237.53 238.53