0.04 1.21
4.42 6.09
6.21 7.42
7.55 8.84
8.92 11.38
12.05 13.97
14.05 16.1
16.26 17.81
19.1 20.19
21.89 23.81
24.31 25.61
25.73 27.82
28.28 31.41
31.57 33.24
33.37 34.74
34.91 37.45
37.58 38.87
38.95 40.25
51.76 52.97
53.09 55.64
56.1 57.97
60.39 62.48
62.98 64.98
66.19 68.07
68.15 69.9
70.36 72.32
72.7 73.95
75.07 77.32
77.58 78.58
79.12 81.12
81.45 82.96
83.58 85.79
85.92 87.96
88.25 90.46
90.63 91.88
94.43 95.47
96.3 97.8
99.68 101.48
101.56 103.19
103.85 105.64
108.77 110.82
110.94 113.99
117.57 119.7
123.29 124.29
124.5 125.54
130.75 133.51
134.59 135.84
135.93 137.34
137.47 138.64
138.72 140.18
145.69 147.31
147.48 149.19
165.16 167.62
167.71 169.63
170.04 171.38
172.09 173.88
174.71 175.71