1 2.79
4.08 6.04
11.96 13.26
16.34 18.51
22.43 24.73
25.52 28.31
31.61 33.15
33.28 34.57
34.78 36.36
36.45 37.87
37.99 39.41
39.78 40.95
53.55 54.63
58.55 59.59
59.72 60.89
60.97 62.1
62.22 63.31
63.39 64.47
64.56 65.89
67.06 68.02
68.1 70.27
70.4 71.4
71.52 72.57
72.65 74.07
74.36 75.57
81.2 82.24
82.58 83.66
83.74 84.79
84.87 86.71
86.79 88.96
89.04 90.5
93.34 94.75
96.46 97.51
104.18 105.64
106.52 108.02
108.44 109.44
109.52 111.61
111.69 113.77
113.9 115.94
116.11 118.78
118.86 120.03
120.11 121.16
122.74 124.79
124.91 126.62
126.75 128.79
128.91 130.12
130.25 131.5
138.13 141.89
142.43 145.47
146.1 147.31
147.43 148.81
148.89 150.06
150.14 152.31
155.65 158.65
165.53 166.83
172.71 174.79
177.71 178.84