0.95 1.95
2.99 5.71
10.13 11.29
14.3 15.3
15.97 17.43
17.51 18.63
18.76 19.84
23.35 24.89
25.06 26.14
26.27 27.89
27.98 29.64
31.4 32.36
32.77 33.86
44.58 46.25
46.91 49.67
49.79 51.75
52.25 57.05
57.3 60.51
73.77 75.02
76.57 78.24
78.32 79.32
82.03 83.07
85.03 87.29
87.37 89.37
89.79 90.83
91.29 93.21
94.21 95.21
96.05 97.42
97.8 101.68
101.88 102.72
108.22 109.72
109.85 111.52
111.73 112.77
112.89 114.15
114.4 115.73
115.81 117.94
120.99 123.41
123.53 126.45
126.58 128.74
128.91 130.04
139.05 140.63
140.76 142.47
142.76 144.76
147.01 148.1
153.85 155.23
155.35 157.27
157.4 159.15
159.27 161.36
161.44 162.69
162.78 163.82
163.95 165.11
169.12 172
173.79 175.12