10.63 12.26
12.38 13.8
13.93 16.39
16.55 18.68
18.76 21.39
21.48 23.64
23.77 26.65
26.77 27.77
27.86 29.11
29.19 31.99
32.11 33.49
33.61 34.95
35.07 36.16
36.28 37.45
38.83 39.99
40.08 42.08
42.16 46.12
46.25 47.79
47.88 49.34
49.63 51
51.13 52.13
54.22 55.76
55.84 57.59
57.68 60.18
60.39 62.27
62.35 63.35
63.48 65.39
65.48 67.27
68.02 69.27
69.36 70.98
71.07 73.53
74.57 75.7
75.82 77.2
77.32 78.82
79.87 81.54
81.66 83.16
83.24 84.41
87.83 89
90.29 91.29
92.92 93.92
95.76 98.01
98.18 100.47
102.01 104.85
106.77 109.48
109.61 110.9
111.69 112.94
114.86 116.61
116.7 119.07
119.2 121.28
121.37 122.53
122.62 123.62
123.7 125.24
125.37 127.75
127.87 128.96
130.54 132.59
132.71 134.42
134.55 137.34
137.42 138.72
139.05 142.89