1.49 2.58
3.16 4.33
4.5 5.96
7.42 9.33
9.63 10.8
10.96 12.25
34.19 36.07
36.19 37.24
37.36 39.61
39.7 41.41
41.53 44.08
44.2 46.45
46.54 47.92
48.25 49.21
49.33 50.58
50.71 52.71
53.05 54.59
54.71 55.97
56.05 57.09
57.22 58.47
58.55 59.93
60.05 61.85
61.93 63.56
63.64 65.85
65.93 68.14
68.73 70.4
70.52 71.9
72.02 73.23
73.36 75.36
75.44 77.4
79.07 80.41
82.16 84.08
84.58 85.58
91.75 93.67
94.55 95.59
99.38 101.18
101.26 103.22
103.3 104.39
104.47 105.89
105.97 107.31
107.43 108.48
108.56 110.35
110.44 111.85
111.94 113.4
113.48 114.77
114.86 116.73
116.82 117.86
117.98 119.03
119.11 120.11
120.45 121.41
121.49 122.78
122.87 123.87
123.95 125.24
125.33 126.33
126.41 127.41
127.5 128.91
129 131.42
131.62 134.08
134.29 136.46
136.59 137.96
138.09 139.05
139.13 140.22
140.3 141.38
141.47 142.64
142.76 143.72
143.8 145.3
145.39 146.97
147.06 148.14
148.31 149.81
150.52 151.85
151.98 152.98
153.06 154.69
154.81 156.27
156.36 158.61
158.69 159.98
160.53 161.82
161.9 163.2
163.28 164.32
164.53 166.24
166.37 168.87
169.91 171.54
171.83 174.17
174.25 175.25
175.33 176.33
176.46 177.5
177.59 178.59
178.67 180.42
180.55 182.09
183.18 185.26
185.51 186.47
186.55 188.3
188.68 189.89
190.02 191.81
191.89 193.02
193.18 194.23
195.19 196.86
196.94 197.98
198.86 200.86
201.03 202.15
203.07 204.57
204.7 205.7
206.2 207.66
207.74 208.91
209.03 210.41
210.54 211.91
212.04 213.2
213.96 215.17
216.38 217.63
217.71 219.3
219.38 220.55
220.71 222.17
222.71 223.76
224.38 225.59
225.72 227.26
227.51 229.39
229.64 231.85
234.48 236.9
236.98 238.06
238.15 239.48
239.56 241.15