0.87 3.17
3.38 4.46
4.63 6.63
6.79 7.92
8 9.21
9.51 10.51
11.59 13.97
14.47 16.39
17.14 18.77
18.85 20.81
20.98 23.27
23.35 24.6
24.69 26.15
26.27 27.57
27.65 29.32
29.4 30.49
30.82 32.15
32.28 33.7
33.78 34.78
34.99 36.57
37.28 38.37
38.99 40.16
40.29 41.75
41.83 42.83
43.62 45.46
45.83 46.88
47.46 48.46
48.63 50.13
50.21 51.8
56.3 57.47
59.1 60.6
62.35 63.6
65.02 67.23
67.36 69.19
69.32 70.52
70.69 72.57
72.69 74.32
74.4 75.65
75.86 77.32
77.41 78.66
78.74 80.2
80.33 81.54
82.04 83.87
86.29 87.54
87.63 88.96
89.21 90.25
90.5 92.55
92.67 94.59
102.06 103.56
104.73 105.98
106.06 107.06
110.23 111.36
111.44 112.44
112.57 114.44
114.57 115.57
119.7 120.74
121.41 124.25
124.33 125.7
127.92 130.09
130.21 132.5
132.59 133.76
133.84 135.59
135.72 137.59
137.72 139.76
139.89 142.51
142.68 144.77
144.93 146.81
146.93 148.81
148.94 150.61
150.69 152.11
152.31 153.98
154.53 155.78
155.9 157.24
157.32 158.78
159.15 160.16
160.28 162.95
163.08 165
165.2 166.79
166.95 168.79
168.87 170.92
171.46 173.21
173.34 175.8
175.88 177.47
177.55 179.22
179.3 181.01
181.14 182.3
182.43 184.81
184.93 187.81
187.93 189.27
189.35 191.02
191.15 193.36
194.98 197.99
198.07 199.9
199.99 203.16
203.28 205.28
205.37 206.83
207.41 210.21
210.33 213.13
213.21 215.34
215.71 216.96
217.84 220.51
221.22 223.18
223.3 225.39
225.51 226.64
226.89 228.06
228.18 229.48
229.56 232.31
232.4 234.56
234.69 236.48
236.69 239.78
239.86 242.07
242.45 244.28
244.37 246.03
246.12 248.58
248.7 250.04
250.12 252.37
253.5 254.71
255.21 256.42
259.26 260.34