0.66 2.46
2.54 4.04
4.87 6.08
6.17 7.46
8.09 9.8
9.88 11.21
11.34 12.63
12.76 14.47
17.14 19.31
19.39 20.81
20.89 22.22
22.81 24.56
24.64 26.14
26.23 28.27
28.4 30.65
30.73 32.03
32.15 34.95
35.03 36.49
36.61 38.99
39.12 40.74
40.83 42.74
42.83 45.12
45.29 46.5
46.67 48.37
48.5 50.17
50.63 53.17
53.3 55.17
55.3 57.01
57.13 58.8
58.93 61.81
62.56 64.47
64.56 66.02
66.14 68.48
68.56 69.73
69.98 71.02
71.11 72.27
72.36 73.53
73.61 75.32
75.4 77.03
77.11 79.82
79.91 81.53
81.91 83.7
83.79 85.87
85.96 88.62
88.75 89.75
90.08 91.75
92.04 94.55
94.67 95.71
95.84 97.55
98.13 99.97
100.05 101.55
101.68 103.3
103.43 105.39
105.52 107.94
108.48 109.52
109.6 112.86
113.31 114.44
114.57 117.53
117.74 119.74
121.12 122.53
123.16 125.49
125.58 126.91
127.62 129.58
130.87 131.88
132.83 134
135.55 136.75
137.55 139.01
143.39 144.76
146.51 148.35
148.43 149.77
149.85 150.94
152.65 154.36
154.44 155.86
155.94 157.36
157.44 159.07
159.15 161.11
162.82 164.95
165.45 166.87
169.79 170.79
170.91 172.63
173.38 174.42
174.5 175.63
176.21 178.59
179.17 181.01
181.22 182.59
184.09 187.43
187.68 189.64
194.94 196.81
217.67 218.75
240.86 242.07
242.49 246.03
246.7 248.03
249.28 250.37