0.16 1.87
5.25 6.58
6.71 8.92
9.04 11.71
13.38 14.3
14.38 15.38
15.51 17.59
17.72 19.05
19.14 20.6
20.72 22.77
22.89 24.98
25.06 27.06
27.27 28.4
28.56 30.4
30.48 32.57
32.69 33.69
33.78 35.19
35.28 36.65
36.74 38.41
38.49 39.91
40.03 41.16
41.24 43.83
43.91 45.41
46.41 48
48.12 50.38
50.46 52.42
52.55 55.38
55.46 59.09
59.3 61.05
63.35 65.85
66.06 67.98
68.19 69.9
69.98 72.44
72.82 75.4
75.48 78.28
78.45 81.78
81.91 83.12
83.28 86.37
86.45 87.54
87.62 88.87
88.96 91.13
91.21 92.29
92.38 93.42
93.75 96.84
96.96 99.13
99.26 100.84
100.97 102.26
102.64 104.22
104.31 106.77
106.93 107.93
108.02 110.19
110.39 111.56
111.98 114.11
117.19 118.65
119.49 120.82
120.95 121.95
122.99 124.78
125.83 126.83
126.95 129.91
130.91 132.58
134.46 135.5
135.59 137.46
137.55 138.88
139.01 140.05
140.13 141.43
141.51 143.51
143.59 145.35
145.43 146.68
146.81 148.1
148.22 150.02
150.14 152.35
152.44 153.81
153.94 155.61
155.73 156.98
157.07 159.61
159.78 161.78
161.86 162.9
163.2 165.87
165.95 168.08
168.2 169.37
170.5 172
172.5 174.13
174.21 177.38
179.71 181.97
182.05 183.34
183.43 185.68
185.85 187.56
187.97 189.64
191.31 192.81
192.89 193.89
194.02 195.4
195.48 197.61
197.86 200.48
201.23 203.4
203.74 205.07
205.2 206.95