1.45 4.2
4.33 5.41
5.79 9.29
9.42 11.13
11.25 14.3
14.42 15.55
16.47 18.8
18.93 20.22
20.72 21.72
21.81 22.81
23.14 24.18
24.27 26.6
27.06 29.11
29.94 30.98
32.32 33.32
33.65 36.95
37.07 39.37
40.41 42.66
42.99 44.04
44.2 45.91
46.12 47.54
48.12 49.17
49.29 52.75
59.93 61.05
61.26 62.64
62.76 63.97
64.72 66.31
70.81 71.81
75.4 76.4
81.2 82.37
85.83 87.87
88.91 89.92
95.67 97.01
97.17 99.55
99.68 101.47
102.18 104.26
104.35 105.89
108.6 110.23
110.85 112.69
127.95 130.04
131.42 134.59
135.88 139.05
140.22 142.47
149.06 150.56
151.85 153.81
153.9 155.4
156.23 158.11
158.23 160.24
160.9 162.65
162.82 164.24
164.32 165.99
167.16 169.41
169.49 171.58
171.71 172.71
172.79 173.88
174.08 175.08
175.25 177
177.13 179.76
180.46 182.05
182.76 184.05