1.95 4.12
4.21 6.21
6.29 7.88
8 9.63
9.75 11.63
11.71 12.76
12.84 15.13
15.26 16.3
16.43 17.55
17.68 20.39
20.51 23.23
23.48 24.81
25.31 27.31
27.48 30.32
30.4 32.36
32.49 34.36
34.49 35.82
35.9 37.41
37.53 38.66
38.78 40.66
42.66 44.87
45.83 47.67
47.83 50
52.34 53.59
53.67 55.42
55.51 56.72
56.84 58.51
58.64 59.68
60.01 61.97
62.22 63.27
63.35 64.64
64.73 67.1
67.52 70.52
70.65 73.32
73.65 75.49
75.57 77.99
78.36 79.61
79.7 80.95
81.03 82.03
83.04 84.08
85.75 87.79
88.04 89.21
89.87 90.88
92.84 96.34
96.42 98.72
99.05 101.14
101.22 103.01
103.26 105.27
105.39 107.18
107.39 108.44
111.15 113.86
114.02 115.86
115.99 118.82
119.32 120.78
121.28 122.95
123.28 125.12
125.41 126.41
126.7 128.25
128.54 129.79
130 131.62
131.75 133.21
133.33 135.25
135.46 137.51
137.72 139.34
139.42 140.76
141.51 143.64
143.76 145.47
145.97 147.43
147.56 149.6
149.69 150.77
150.89 152.35
152.44 154.44
154.56 156.03
156.15 157.28
157.48 158.94
159.15 161.28
162.91 164.28
166.24 167.58
169.04 170.41
170.5 172
173.17 174.29
174.79 178.34
178.46 179.47
180.63 181.63
181.88 184.47
184.59 185.8
186.01 187.6
187.68 189.22
190.06 191.48
194.98 197.78
198.82 200.11