0.16 1.62
5.54 6.63
7.04 9.5
9.88 11.55
11.63 13.55
13.71 15.88
16.22 19.93
20.05 21.43
21.56 23.47
28.48 30.07
31.94 33.03
33.11 34.19
35.74 37.32
39.74 40.83
41.74 44.75
45.79 47.08
48.67 50.84
52.63 54.42
54.76 56.68
57.76 58.76
59.09 61.51
64.22 65.35
65.6 67.1
69.44 70.44
71.48 72.94
75.11 76.11
82.83 83.87
97.21 98.8
101.14 102.22
117.86 120.49
123.45 124.66
128.5 129.92
130 131.92
133.34 135.38
136.09 137.55
137.67 139.84
140.97 142.72
143.47 146.18
146.31 147.97
148.18 149.27
149.35 150.52
150.64 152.52
152.65 155.15
155.27 156.52
156.61 158.65
158.78 160.82
161.03 163.37
165.87 167.16
167.24 168.33
168.54 170.04
170.12 172
172.17 174.67
174.75 177.92
178.38 180.71
181.05 182.38
182.59 185.93